DataSet:	circ200
RunTime:	2022-6-1 18:25:51
Method:	GeneticAlg2
Params:	P:500 E:300000 SR:0.500000
DataPath:	./resources/datasets/circ200.txt

################################################################################

500 | 161.345649 | 152 116 147 47 176 44 144 73 62 120 28 38 180 181 19 168 104 108 106 54 182 5 41 150 130 74 128 72 157 164 143 197 173 195 178 11 23 30 63 156 142 42 48 46 59 167 83 166 171 96 191 56 95 115 132 141 189 137 82 9 92 146 60 39 102 88 68 84 121 29 97 45 179 67 161 64 188 87 123 133 139 110 149 53 2 50 4 57 129 16 170 76 94 6 12 151 33 43 8 7 58 24 131 20 69 175 125 158 169 174 78 80 77 124 172 3 159 89 71 31 103 196 26 35 162 160 51 119 127 135 190 99 93 112 117 122 85 109 100 70 153 18 118 66 81 90 52 192 113 75 107 34 184 40 148 194 177 86 98 193 134 199 13 185 14 198 49 37 61 55 126 25 0 17 165 138 114 15 163 10 186 79 105 32 27 1 111 21 145 155 22 183 101 154 91 65 187 140 136 36 
1500 | 157.412597 | 152 116 147 47 176 4 16 44 144 73 62 120 6 28 38 180 189 19 168 104 108 106 54 181 41 150 130 74 186 128 5 72 192 157 164 143 183 173 12 191 178 23 3 30 13 184 63 156 142 42 48 46 59 167 83 166 190 171 96 56 95 115 132 182 141 0 137 82 92 146 60 39 102 88 68 84 121 187 9 29 97 45 179 67 188 161 197 14 17 64 87 123 133 139 110 149 53 50 57 129 170 76 94 151 185 33 43 58 24 131 20 69 175 125 158 169 174 78 80 77 193 124 172 159 89 71 31 103 26 196 35 162 160 51 119 127 135 99 11 93 112 117 122 85 109 100 70 153 18 194 118 66 81 90 2 52 113 75 107 34 40 148 198 8 177 7 86 98 134 49 10 37 1 61 55 126 25 165 138 114 163 15 79 105 195 199 32 27 111 21 145 155 22 101 154 91 65 140 136 36 
2002 | 156.792638 | 45 88 87 116 104 47 152 165 186 84 72 52 60 138 142 51 163 24 2 39 156 100 73 36 155 114 130 167 65 115 169 105 70 174 93 11 112 96 103 20 9 194 13 157 48 83 111 58 192 198 61 92 46 69 128 15 80 121 199 180 162 188 23 76 12 164 151 59 147 145 124 89 33 154 91 35 187 67 171 4 181 146 28 16 126 66 148 106 14 184 5 50 27 176 179 6 75 55 31 0 172 30 107 166 86 97 175 21 90 41 18 195 53 94 125 191 10 137 42 117 77 132 81 120 189 17 160 37 57 140 44 143 43 34 170 1 193 62 98 118 82 185 29 110 102 68 119 136 101 108 149 25 168 144 40 182 139 26 161 131 141 74 122 129 113 78 49 127 99 177 95 71 135 123 38 85 8 109 150 7 79 197 190 196 64 178 3 63 153 133 22 56 54 183 32 173 19 159 134 158 
3252 | 155.750767 | 45 88 87 116 104 47 152 165 186 84 72 52 60 138 142 51 163 24 2 39 156 100 73 36 155 114 130 167 65 115 169 143 105 70 146 174 93 11 112 96 103 20 9 194 13 157 48 83 111 58 192 198 61 92 46 69 128 15 80 121 199 180 162 188 23 76 12 164 151 59 124 89 33 154 91 35 187 67 171 4 181 28 16 126 66 106 14 184 149 5 50 27 176 179 6 75 55 31 0 172 30 107 166 86 97 175 21 90 41 18 195 53 94 125 191 10 137 42 117 77 132 81 120 189 17 160 150 37 57 140 44 43 34 170 1 193 62 98 118 82 185 29 110 102 68 119 136 101 108 25 168 40 182 145 139 147 26 161 131 141 74 122 129 113 78 49 127 99 177 95 71 135 123 38 85 144 8 109 148 7 79 197 190 196 64 178 3 63 153 133 22 56 54 183 32 173 19 159 134 158 
3502 | 154.610180 | 58 15 183 41 52 149 78 150 138 18 194 191 112 42 85 77 66 113 71 146 37 103 73 65 140 9 173 156 182 67 24 29 95 23 28 60 158 137 86 120 152 0 115 2 114 122 89 124 88 59 21 11 35 40 76 133 110 129 153 48 176 179 81 1 181 184 111 94 175 43 123 49 148 171 46 151 170 189 164 102 93 99 101 8 159 141 168 50 147 163 5 105 74 161 34 195 20 142 80 87 117 155 10 198 82 30 13 56 125 83 55 79 38 19 47 126 134 70 26 22 169 33 4 188 190 25 197 84 108 12 44 130 62 64 75 57 192 96 118 97 160 92 132 145 139 136 7 3 119 131 98 127 109 36 128 116 166 193 45 185 157 172 6 106 107 90 196 31 121 180 53 187 14 68 199 174 69 135 186 61 72 178 144 27 162 177 63 104 51 154 143 54 39 32 167 165 91 100 17 16 
4252 | 153.288500 | 171 25 8 13 168 6 63 136 160 124 98 75 157 127 194 176 62 145 37 28 150 49 83 117 148 77 164 46 149 195 177 78 97 35 74 152 70 107 72 94 22 58 52 55 183 196 2 15 174 76 184 19 188 40 122 169 181 189 197 121 45 130 192 67 33 155 17 73 193 165 198 10 182 21 38 141 32 133 79 81 51 170 48 109 187 179 9 161 41 91 105 95 90 167 24 175 115 142 31 82 0 180 103 39 111 53 154 99 151 50 29 92 137 108 162 125 56 11 159 104 113 47 26 166 131 59 44 120 102 112 66 5 12 134 100 89 61 153 30 190 36 3 185 42 139 158 106 93 118 86 119 57 88 1 173 116 96 84 68 132 64 23 14 18 156 60 85 34 110 138 54 199 4 126 69 27 20 143 65 135 101 146 87 129 144 43 71 140 123 147 7 172 114 178 128 80 163 186 191 16 
6252 | 152.659749 | 152 70 42 162 114 86 147 35 17 144 48 74 58 0 29 157 167 13 186 113 104 183 64 115 69 194 150 36 39 174 33 25 171 87 92 99 143 189 44 18 94 28 112 52 142 46 47 43 168 131 80 127 51 24 170 22 14 166 71 89 141 41 137 49 146 199 65 182 91 90 135 62 54 117 123 130 20 193 23 101 139 79 149 76 161 196 98 32 163 191 63 110 57 108 82 159 3 151 122 72 134 67 77 88 15 181 185 6 156 93 111 124 38 178 53 105 95 118 27 12 169 7 192 119 107 116 56 83 30 184 165 40 100 1 106 68 109 73 50 75 132 153 16 188 198 11 121 177 102 125 172 45 120 158 148 34 5 61 4 21 103 84 176 96 173 9 197 133 78 59 190 164 97 85 126 55 129 138 37 179 180 8 187 10 2 19 31 60 145 26 195 154 175 160 128 140 66 155 81 136 
