DataSet:	circ200
RunTime:	2022-6-23 7:37:18
Method:	RMHC2
Params:	P:100 E:25000
DataPath:	./resources/datasets/circ200.txt

################################################################################

1 | 188.112623 | 93 149 137 18 56 83 160 125 147 180 163 191 43 111 159 189 49 139 74 151 148 155 13 84 21 87 102 46 164 39 47 17 75 114 157 158 193 130 1 63 52 131 61 169 101 128 60 173 152 44 190 167 5 103 3 4 91 80 90 127 107 0 135 136 121 73 98 53 82 58 166 9 62 138 153 96 196 154 19 109 67 186 144 113 88 150 48 78 55 6 12 66 25 134 129 181 8 143 23 30 28 126 27 42 99 183 40 14 179 119 2 86 41 97 182 11 142 15 165 178 79 112 177 122 38 141 68 175 118 161 146 69 51 92 64 105 65 7 194 100 124 140 71 199 106 133 32 110 197 34 35 116 70 162 168 104 120 24 26 192 195 77 20 37 29 22 123 117 115 132 76 198 57 94 33 72 188 185 171 174 187 156 81 54 184 145 170 59 10 45 176 16 36 172 85 95 31 89 50 108 
2 | 186.561209 | 116 189 6 145 3 82 153 162 114 101 164 129 44 98 45 9 80 122 99 110 187 61 120 19 59 74 53 147 42 113 111 125 79 51 47 100 166 38 156 152 50 13 135 68 75 127 174 12 97 148 17 159 141 86 140 27 56 77 150 128 10 146 109 37 126 138 149 117 139 197 108 95 5 131 195 198 71 182 11 179 41 58 103 70 40 194 20 102 65 25 73 18 0 63 192 31 137 173 170 26 133 57 2 29 188 33 184 43 35 121 39 144 106 124 199 90 46 96 181 119 78 83 161 136 52 22 169 72 23 67 183 91 8 177 185 64 160 89 157 172 69 180 16 167 107 85 76 14 87 132 15 118 151 30 28 175 186 158 123 143 130 134 48 49 92 62 112 81 154 34 55 171 165 142 32 60 105 155 163 168 94 4 84 93 21 36 88 7 24 66 191 104 54 193 176 178 196 115 1 190 
3 | 175.154992 | 88 149 165 29 23 99 195 12 157 77 182 169 70 59 114 84 125 185 189 27 123 188 6 48 177 151 121 93 192 158 57 126 163 35 187 139 170 133 68 51 1 32 102 148 103 134 97 156 20 132 89 69 196 55 49 34 178 46 199 76 30 67 180 111 94 60 183 66 140 171 167 145 3 13 175 105 137 150 83 129 164 181 63 190 8 21 28 110 142 38 78 131 7 52 26 135 39 106 155 91 81 87 37 162 186 18 86 104 96 173 72 74 64 92 161 153 128 5 191 44 9 184 85 54 53 154 112 136 141 119 138 118 98 143 108 75 22 115 17 58 62 4 10 65 146 193 14 144 120 95 80 82 152 174 107 56 166 159 61 176 0 179 24 2 100 90 172 101 194 113 31 45 160 79 19 50 124 36 25 41 15 33 11 109 40 43 198 116 127 71 122 47 147 117 42 168 197 16 130 73 
9 | 175.004253 | 162 137 43 169 190 164 122 33 156 79 174 166 0 40 42 189 52 13 93 145 102 30 18 50 46 26 120 111 86 95 38 142 23 32 180 199 179 140 99 12 9 92 24 41 116 173 36 7 194 171 198 85 21 125 118 168 35 89 53 76 63 146 11 193 67 74 148 75 44 2 147 129 176 94 141 101 152 14 29 56 133 197 78 124 131 186 184 157 132 185 187 172 97 65 138 134 153 81 121 100 139 28 105 15 158 195 109 49 70 108 73 117 155 20 6 17 151 51 39 25 61 130 87 150 159 8 66 167 55 113 144 96 170 181 123 45 126 88 62 90 91 196 80 82 84 149 175 154 182 77 104 60 31 5 128 115 98 192 119 160 1 163 68 37 72 110 143 127 58 34 64 59 136 161 165 19 16 103 27 191 83 188 178 4 3 107 106 112 114 71 10 57 183 48 177 69 22 47 135 54 
24 | 173.371633 | 75 106 165 0 159 105 32 41 120 101 27 193 107 70 47 78 10 150 86 129 19 169 162 139 2 102 71 115 132 182 9 164 62 149 186 29 197 160 195 40 148 96 143 55 156 130 39 168 109 20 172 60 100 108 145 118 104 99 80 31 138 127 154 51 111 13 59 121 199 153 142 187 144 61 175 8 185 63 126 48 93 140 15 11 16 30 34 24 81 79 122 94 151 188 33 49 163 73 92 38 3 103 113 43 28 161 97 112 89 133 177 131 26 128 35 134 36 84 85 189 76 152 45 42 87 180 170 119 57 37 171 68 141 166 1 17 22 135 88 167 146 194 65 74 44 123 95 114 91 136 52 179 198 157 18 83 56 54 23 184 137 69 58 4 110 72 66 7 98 90 174 67 158 116 125 14 46 117 5 25 64 173 147 21 196 192 155 124 183 50 181 190 176 191 82 77 178 12 53 6 
39 | 161.140996 | 162 37 75 31 2 94 51 105 86 97 142 93 115 41 124 170 108 110 101 193 26 30 66 120 152 143 55 147 84 8 67 119 49 139 168 189 34 130 4 28 145 87 13 46 150 71 10 35 95 89 72 149 133 42 177 20 180 52 173 176 127 61 76 14 106 18 187 83 153 43 146 125 109 140 92 111 22 0 144 80 161 184 159 96 104 117 114 185 171 181 178 188 19 9 85 53 57 54 63 70 60 16 163 77 21 192 197 116 164 194 23 179 29 118 138 45 38 160 17 103 107 62 157 156 126 11 158 167 91 59 24 32 78 82 40 88 6 27 122 175 79 100 134 137 199 141 98 58 121 56 155 136 73 48 50 165 99 74 90 68 148 3 7 186 195 196 154 1 135 44 169 33 129 191 65 131 112 36 174 64 183 39 182 198 47 69 172 128 123 132 102 166 12 190 151 81 113 5 25 15 
