DataSet:	circ200
RunTime:	2022-6-23 21:3:0
Method:	RMHC3
Params:	P:100 E:3000000
DataPath:	./resources/datasets/circ200.txt

################################################################################

1 | 184.378382 | 155 75 84 46 149 71 102 17 146 186 147 25 92 33 138 87 88 42 195 69 63 117 191 48 55 141 124 6 86 1 185 153 179 21 47 44 83 57 70 8 31 45 139 182 172 81 64 193 127 161 135 100 174 104 35 22 163 96 29 68 188 151 136 158 4 170 115 28 30 178 13 91 3 101 9 94 85 51 79 196 61 122 76 150 39 2 19 107 14 128 93 177 12 52 40 130 53 32 110 114 95 120 164 24 56 5 134 80 199 148 37 26 187 192 145 159 168 113 137 119 144 197 173 162 111 126 73 116 99 78 65 108 156 167 132 189 176 82 7 109 59 143 74 89 129 60 131 106 133 38 77 194 154 72 112 121 62 54 171 157 41 105 27 58 36 18 152 50 49 15 140 23 184 34 160 123 97 11 118 180 166 183 165 103 20 175 16 125 67 10 90 66 98 142 198 169 181 43 190 0 
3 | 182.344602 | 59 186 46 16 2 139 50 103 53 100 127 55 131 6 174 110 21 153 199 34 48 10 3 80 195 30 83 194 160 32 154 123 198 159 24 152 149 41 155 92 40 88 120 29 192 102 119 1 81 97 67 12 172 129 138 181 114 140 35 57 135 197 14 38 143 8 171 68 75 99 124 147 165 56 31 17 89 95 169 65 125 39 27 150 117 168 106 105 51 19 177 63 176 71 18 196 132 101 43 66 180 23 98 76 111 58 112 47 86 70 13 11 108 107 130 94 5 126 25 9 151 62 104 136 144 87 77 137 142 158 7 178 79 183 60 0 45 15 184 190 156 73 157 161 90 78 175 84 74 118 185 170 162 44 33 146 188 191 116 193 173 164 52 128 189 182 54 148 166 113 163 141 133 4 28 20 64 72 85 37 61 115 134 36 93 167 121 49 145 22 109 82 187 69 179 96 122 91 42 26 
5 | 173.426564 | 199 105 74 79 25 151 174 195 43 55 198 54 134 163 152 0 92 93 2 44 7 5 35 178 95 38 110 94 139 11 50 41 27 101 197 58 108 123 88 184 172 14 146 61 51 121 91 117 75 120 159 194 185 156 8 173 3 59 84 56 129 80 34 52 9 162 68 177 170 76 179 176 142 106 171 28 186 24 161 73 30 83 126 16 15 19 135 183 102 153 12 154 100 109 1 42 112 166 136 145 18 57 63 81 90 114 29 147 148 17 193 168 36 107 45 85 118 158 113 169 165 157 132 130 116 39 119 187 188 13 96 22 160 46 33 125 181 23 155 21 141 150 31 131 10 64 104 87 137 99 140 196 40 127 60 86 103 72 53 89 190 111 47 143 97 62 77 182 164 70 167 66 65 26 32 82 67 115 98 37 48 144 189 6 191 69 20 180 124 128 133 4 49 71 78 122 138 192 175 149 
21 | 173.123057 | 60 162 91 114 29 109 157 127 45 33 128 104 51 155 59 42 165 41 67 131 39 123 76 77 122 14 177 113 195 85 43 144 78 74 151 58 158 49 191 53 87 180 98 99 182 183 176 3 192 154 44 5 112 137 145 21 150 15 38 132 37 164 26 84 118 102 167 148 79 103 125 115 108 62 199 8 100 81 126 133 10 135 119 36 186 175 140 52 179 93 64 171 97 110 68 142 101 71 65 54 184 23 117 166 24 172 120 188 153 152 170 70 138 139 28 129 187 136 143 72 116 16 46 146 0 30 181 94 141 63 88 48 124 190 31 147 25 75 13 161 196 66 11 92 9 198 1 61 90 69 163 27 89 156 159 47 95 86 56 83 22 19 6 174 134 12 80 193 160 57 35 20 185 7 2 130 55 96 82 34 40 173 111 178 18 197 194 105 168 32 106 17 169 121 73 50 4 107 189 149 
26 | 171.330601 | 110 50 132 130 42 86 164 49 170 2 147 63 54 20 56 70 30 140 111 62 19 179 33 25 156 196 5 14 123 188 121 40 167 146 10 138 137 11 189 15 134 155 8 53 117 96 103 119 192 95 12 181 197 9 153 120 82 68 32 76 162 75 141 150 6 18 135 67 101 43 185 28 136 81 142 152 47 198 144 190 72 169 31 127 52 77 16 61 66 90 175 145 74 99 131 184 80 55 83 100 148 115 172 44 26 161 51 13 102 113 166 97 0 94 163 129 133 78 85 41 139 193 171 87 183 199 88 122 154 109 65 174 21 177 157 59 104 180 37 4 173 158 159 187 34 7 46 73 93 84 176 27 149 64 143 58 124 114 92 107 116 168 118 23 45 112 108 39 91 57 178 182 3 48 195 29 191 71 24 69 126 60 125 106 89 128 36 1 79 105 38 186 165 17 151 35 160 22 194 98 
32 | 163.539988 | 48 42 41 93 60 175 158 80 147 195 14 5 167 3 61 68 92 53 44 50 129 59 0 10 6 171 91 191 199 181 22 125 26 197 30 153 62 64 113 184 188 17 177 196 124 97 74 152 180 32 87 179 63 19 83 112 69 20 37 90 78 71 88 148 193 58 54 140 47 106 143 8 34 81 173 130 110 96 118 174 27 15 9 116 13 160 156 133 114 176 192 16 134 109 172 28 2 149 168 157 150 40 99 95 108 194 18 72 161 128 185 70 122 101 55 117 31 102 155 145 79 75 105 138 170 123 23 198 7 21 107 89 182 35 103 121 115 100 45 46 33 141 84 56 24 51 73 162 120 136 77 154 12 139 4 94 144 189 127 151 82 66 85 132 119 104 76 146 178 36 169 159 137 52 29 38 135 142 11 166 67 187 190 25 39 165 98 65 43 164 126 49 186 131 183 163 57 111 86 1 
305 | 160.377273 | 199 105 79 74 151 25 174 195 43 55 198 54 134 163 152 92 93 44 0 2 7 5 35 178 95 38 94 110 139 11 50 41 27 101 197 108 58 88 123 184 172 14 61 146 51 121 117 91 75 120 194 185 159 156 173 3 8 84 59 56 129 80 34 52 9 162 177 68 170 76 179 176 142 106 171 161 24 186 28 30 73 126 83 16 15 19 183 135 102 153 12 154 100 109 1 42 112 166 136 18 57 145 63 81 90 114 29 147 148 193 17 168 36 45 107 85 118 158 169 113 132 157 165 116 130 39 119 187 188 13 96 160 22 46 125 33 181 23 155 141 21 150 131 31 10 64 104 87 99 140 137 196 127 40 86 60 103 72 53 89 190 111 143 47 97 62 77 182 164 167 70 66 65 82 26 67 32 115 98 37 48 144 6 189 191 20 180 124 69 128 133 4 49 71 78 122 138 192 175 149 
726 | 159.274110 | 50 132 110 130 86 42 164 170 2 49 147 63 20 54 56 70 140 30 62 111 19 179 33 25 156 196 5 188 14 123 121 40 167 146 10 138 137 11 189 15 134 155 8 53 117 96 103 95 119 197 12 192 181 153 9 120 82 68 32 76 162 75 6 141 150 18 135 67 101 43 185 28 136 142 152 81 144 198 47 190 72 169 31 52 127 77 66 61 16 90 175 145 99 74 184 131 80 55 148 172 100 83 115 44 26 161 51 13 113 166 102 97 94 0 163 129 133 78 85 41 139 193 171 87 183 199 88 122 154 109 65 174 21 177 157 59 104 180 37 4 173 159 158 187 7 34 46 73 93 84 27 64 176 149 143 58 124 114 107 92 116 168 23 45 112 39 108 118 91 57 178 3 182 48 29 191 71 24 195 126 69 60 106 125 89 128 1 79 36 38 105 186 165 151 35 17 160 22 194 98 
777 | 156.747044 | 188 136 81 187 57 67 97 195 157 100 131 0 197 4 168 119 95 107 96 173 75 167 183 128 1 28 46 90 65 22 185 180 7 89 177 55 123 114 130 198 140 118 91 111 110 138 109 171 60 149 87 74 153 155 172 115 76 19 175 34 29 179 151 145 174 20 148 70 16 150 9 2 196 72 101 199 27 44 63 51 50 125 193 176 43 190 156 126 68 134 92 84 58 37 112 69 105 106 152 17 23 86 113 98 122 71 18 3 73 40 10 139 154 160 21 161 116 32 169 194 129 85 142 53 182 162 24 66 163 93 127 191 42 61 12 184 35 56 147 14 189 47 186 166 6 135 64 26 11 159 5 120 102 99 83 137 41 192 49 178 181 8 25 146 54 141 78 38 39 52 124 48 103 104 80 143 45 158 82 77 165 132 108 170 30 59 36 133 62 121 13 94 15 79 88 117 144 164 33 31 
826 | 155.144958 | 50 132 110 130 86 42 164 170 2 49 147 63 20 54 56 70 140 62 30 111 19 179 33 156 25 196 5 188 14 123 121 40 167 146 10 138 137 11 189 15 134 8 155 53 117 96 103 95 119 197 12 181 192 153 9 120 82 68 76 32 162 75 6 141 150 18 135 67 101 43 185 28 136 142 198 81 144 152 47 190 72 31 169 52 127 77 66 61 16 145 175 90 99 74 184 131 80 55 148 172 100 83 115 44 26 161 51 13 113 166 102 94 97 0 163 129 133 78 85 41 139 193 171 87 183 199 88 122 65 154 109 174 21 177 157 59 104 180 37 4 159 173 158 187 7 34 46 73 93 84 27 64 176 149 143 58 124 114 107 92 116 168 23 45 112 39 108 91 118 57 178 182 3 48 29 191 71 24 195 126 69 60 106 125 89 128 1 79 36 38 105 186 165 151 35 17 160 22 194 98 
1177 | 154.358692 | 188 136 81 187 57 67 97 195 157 100 131 0 197 4 168 96 95 107 119 75 173 167 183 128 1 28 46 90 65 22 185 180 7 89 177 55 123 114 130 198 140 91 118 111 110 138 171 109 60 149 87 74 153 155 172 115 19 76 175 34 29 179 151 145 174 20 148 70 16 150 9 2 196 72 101 199 27 44 63 51 50 125 193 176 190 43 156 126 68 134 92 84 58 37 69 112 105 106 152 17 23 86 113 122 98 71 18 3 73 40 10 139 154 160 21 161 116 32 169 194 129 142 85 53 182 162 24 66 163 93 127 191 42 61 12 184 35 56 147 14 189 186 47 166 6 135 64 26 11 159 5 120 102 99 83 137 41 192 49 178 181 8 25 146 54 141 78 38 39 52 124 48 103 104 80 143 45 82 158 77 165 132 108 170 30 59 133 36 62 121 13 15 94 79 88 117 144 164 33 31 
2126 | 154.349370 | 50 132 110 130 86 42 164 170 2 49 147 63 20 54 56 62 70 30 140 111 179 19 33 156 5 25 196 188 14 123 121 40 167 146 10 138 137 11 189 15 134 8 155 53 117 96 103 95 119 197 12 181 192 153 9 120 82 76 68 162 32 75 6 141 150 18 135 67 101 43 185 136 28 142 198 81 144 190 152 47 72 169 31 52 127 77 66 61 145 16 175 90 74 99 184 131 80 55 172 148 100 83 115 44 161 26 13 51 113 166 102 94 97 0 163 129 133 85 78 139 41 193 171 87 183 199 88 122 65 154 109 174 21 177 157 59 180 104 37 4 173 159 158 187 7 46 34 73 93 84 27 64 176 149 58 114 143 124 107 92 116 168 23 45 112 39 108 91 118 57 182 178 3 48 29 191 195 24 71 126 69 60 106 125 128 89 1 79 36 38 105 186 165 151 17 35 160 22 194 98 
2477 | 149.981901 | 188 136 81 187 57 67 195 97 100 157 131 0 4 197 168 96 119 95 107 75 173 167 183 128 1 28 46 90 65 22 185 180 7 89 177 55 123 114 130 198 140 91 118 110 111 138 171 109 60 149 87 74 153 155 172 115 19 76 175 29 34 179 151 145 174 20 148 70 150 16 9 2 196 72 101 199 27 44 63 51 50 125 193 176 190 43 156 126 68 134 92 84 58 37 69 112 105 106 152 17 23 113 86 122 98 71 18 3 73 40 10 139 154 160 116 161 21 32 169 194 129 142 85 53 182 162 24 66 163 93 127 191 42 61 12 184 35 56 147 14 189 186 47 6 166 135 64 26 11 159 5 120 102 99 83 137 41 192 49 181 178 8 25 146 54 141 78 38 39 52 48 124 103 104 80 143 82 158 45 77 165 132 108 170 30 59 133 36 62 121 13 15 79 94 88 117 144 164 33 31 
3177 | 146.316151 | 188 136 81 57 187 67 195 97 100 131 157 0 4 197 168 96 119 107 95 75 173 167 183 128 1 28 46 90 22 65 185 180 7 177 89 55 123 114 130 198 140 91 118 110 111 138 171 109 149 60 87 74 153 155 172 19 115 76 175 29 34 179 145 151 174 20 148 150 70 16 9 2 196 72 101 199 44 27 63 51 50 125 176 193 190 43 156 126 68 134 92 84 58 37 69 112 106 105 152 17 23 113 86 122 98 71 18 3 73 40 10 139 154 160 116 161 21 32 169 194 129 142 85 53 182 24 162 66 163 93 127 191 42 61 12 184 35 56 147 14 189 186 47 6 166 135 64 26 11 159 5 120 102 99 83 137 41 192 49 181 178 8 25 146 141 54 78 38 39 52 48 124 103 104 80 143 82 158 45 77 165 132 108 170 30 59 133 36 62 121 15 13 79 94 88 117 144 164 33 31 
4617 | 145.734461 | 113 80 129 85 117 95 188 40 73 110 92 168 144 101 116 134 63 8 11 189 174 27 19 121 146 145 17 187 6 67 45 50 52 21 93 65 102 98 44 14 26 136 75 182 9 7 169 147 119 123 143 58 51 72 107 140 158 149 178 155 96 57 181 24 124 53 48 120 132 100 106 62 31 41 164 161 69 91 150 66 15 199 22 172 183 36 177 32 59 180 175 74 115 83 153 165 156 193 2 1 29 34 60 79 90 109 10 159 185 190 81 87 12 148 125 84 78 71 61 16 171 163 108 35 198 103 89 184 46 37 25 55 176 13 0 88 76 28 154 135 43 38 70 142 196 77 56 162 170 86 82 49 118 30 192 99 131 97 160 194 195 139 130 126 64 39 33 157 173 47 4 191 42 128 68 127 5 186 167 137 20 111 151 18 3 112 166 114 105 54 122 152 197 179 23 141 133 138 104 94 
5264 | 144.500970 | 76 12 9 13 192 19 149 31 170 24 133 49 92 195 179 60 122 189 186 172 104 3 182 55 107 199 161 45 59 130 70 194 22 79 99 153 191 185 29 23 58 110 100 74 97 72 139 5 144 143 174 8 125 68 46 171 18 112 105 101 85 103 162 1 152 134 118 147 47 156 109 141 158 184 16 166 151 65 94 111 69 56 10 17 4 20 178 190 117 95 145 135 44 165 196 128 43 36 33 197 113 41 136 67 121 127 159 27 0 28 124 114 123 168 198 163 157 126 11 177 187 50 108 40 21 15 93 91 77 71 82 89 188 173 66 57 52 54 146 64 90 48 116 164 25 181 148 88 102 42 7 32 84 132 86 80 87 78 34 38 37 96 14 175 39 51 6 53 131 73 120 176 167 169 138 155 129 137 61 160 140 2 183 150 83 154 81 119 35 193 63 62 106 30 180 26 75 115 98 142 
5576 | 140.008545 | 43 150 39 34 112 81 124 80 133 83 102 178 18 164 190 2 53 50 148 11 86 172 174 104 75 144 139 168 192 157 158 129 101 122 42 137 115 84 119 77 0 193 163 109 98 108 74 169 30 167 33 181 195 196 82 26 143 88 93 47 23 55 64 14 147 44 166 6 72 25 48 183 68 37 29 3 173 113 136 60 153 46 41 94 21 12 130 111 24 27 40 140 78 87 61 132 63 15 66 128 73 110 85 65 114 5 13 19 118 79 67 142 10 198 17 185 100 179 28 188 138 135 54 131 160 184 45 134 155 32 180 154 177 146 76 141 70 69 123 9 107 161 20 91 89 165 152 95 99 121 116 96 171 62 31 189 151 162 175 186 22 8 56 36 1 105 38 58 197 182 170 90 103 159 191 199 187 4 35 176 194 156 59 117 52 51 7 16 97 149 49 145 57 127 106 92 125 126 71 120 
6276 | 138.287077 | 150 43 39 34 112 81 124 80 133 83 102 178 18 164 190 2 53 50 148 11 86 172 174 104 75 139 144 168 192 157 158 129 101 122 42 137 115 84 119 77 0 193 163 109 98 108 74 169 30 33 167 181 195 196 82 26 143 88 93 47 55 23 64 14 147 44 6 166 72 48 25 183 68 37 29 3 113 173 153 136 60 46 41 94 21 12 130 111 24 27 40 140 78 87 61 132 63 15 66 128 73 110 85 65 114 5 13 19 118 79 67 142 10 198 17 185 100 179 28 188 138 135 54 131 160 184 45 134 155 32 180 177 154 146 141 76 70 69 123 9 107 161 20 91 89 165 152 99 95 121 116 96 171 62 31 151 189 162 175 22 186 8 56 36 1 105 38 58 197 182 170 90 103 159 191 199 187 4 35 176 194 156 59 117 52 51 7 16 97 149 49 57 145 127 106 92 125 71 126 120 
8476 | 136.936127 | 150 43 39 34 112 81 124 80 133 83 102 178 18 164 190 2 53 148 50 11 86 172 174 104 75 139 192 144 168 157 158 129 101 122 42 137 115 84 119 77 0 193 163 109 98 108 74 169 33 30 167 181 195 196 82 26 143 88 93 47 55 23 64 14 147 44 6 166 72 48 25 183 68 37 29 3 173 113 153 136 60 46 41 94 21 12 130 111 24 27 40 140 78 61 87 132 15 63 66 128 73 110 85 65 114 5 13 19 79 118 67 142 10 198 17 185 179 100 28 188 138 135 54 131 160 184 45 134 155 32 180 177 154 146 141 76 69 70 123 107 9 161 20 91 89 165 152 99 95 121 116 96 171 62 31 151 189 162 22 175 186 8 56 36 1 105 58 38 197 170 182 90 103 159 191 199 187 4 176 35 194 156 59 117 52 51 7 16 97 149 49 57 145 127 106 92 125 71 126 120 
10976 | 134.675703 | 150 43 39 34 112 81 124 80 133 83 102 178 18 164 190 2 148 53 50 11 86 172 174 104 75 192 139 144 168 157 158 129 101 122 42 137 115 84 119 77 0 193 163 109 98 108 74 169 33 30 167 181 195 196 82 26 143 88 93 47 55 23 14 64 147 44 166 6 72 48 25 183 68 37 29 3 173 113 153 136 60 46 41 94 21 12 130 111 24 27 40 140 78 61 87 132 63 15 66 128 73 110 85 114 65 5 13 19 79 118 67 142 10 198 17 185 179 100 28 188 138 135 54 131 160 184 45 134 155 32 180 177 146 154 141 76 69 70 123 107 161 9 20 91 89 165 152 99 95 116 96 121 171 62 31 162 189 151 22 175 186 8 56 36 1 105 58 38 197 170 182 90 103 191 199 159 187 4 35 176 194 156 59 117 52 51 7 16 97 49 149 57 145 127 106 92 125 71 126 120 
11476 | 134.389408 | 43 150 39 34 81 112 124 83 133 80 102 178 18 164 190 2 148 53 50 11 86 172 174 104 75 192 139 144 168 157 158 129 122 101 42 137 115 84 119 77 0 193 163 109 108 98 74 169 33 30 167 181 195 196 82 26 143 88 93 47 55 23 14 64 147 44 166 6 72 48 25 183 68 29 37 3 173 113 153 136 60 46 41 94 21 12 130 111 24 27 40 140 78 61 87 132 63 15 66 128 73 110 85 114 65 19 5 13 79 118 67 142 10 198 17 185 179 100 28 188 138 135 54 131 160 134 184 45 155 32 180 177 146 154 141 76 69 70 107 123 161 9 20 91 89 165 152 99 95 116 96 121 171 62 162 31 189 151 22 175 186 8 36 1 56 105 58 38 197 170 182 90 103 191 199 159 187 4 35 176 194 117 59 52 156 51 7 16 97 49 149 57 145 127 106 92 125 71 126 120 
15522 | 132.619189 | 75 146 40 43 97 85 45 84 66 93 96 192 50 63 71 55 90 120 110 65 64 139 164 52 59 167 19 156 176 28 16 150 32 158 186 8 99 151 46 128 48 57 159 87 29 191 9 1 152 190 125 119 124 115 162 189 5 22 180 111 92 117 2 26 69 135 171 174 33 157 79 127 105 103 82 132 122 12 21 27 143 169 140 86 133 36 168 62 183 148 172 182 47 136 163 177 6 195 72 104 95 108 173 30 185 187 165 10 76 107 131 58 14 166 126 88 116 4 198 39 49 188 160 149 44 179 184 137 181 175 38 31 60 123 98 154 42 170 23 0 51 129 73 77 11 196 153 35 17 24 155 74 114 106 118 81 54 138 194 15 20 41 53 83 130 91 89 109 37 134 70 101 121 141 13 193 67 144 18 178 34 199 68 112 78 100 61 25 147 145 113 94 3 197 7 102 56 142 80 161 
15922 | 132.439227 | 75 146 40 45 43 85 97 84 66 93 96 192 50 63 71 55 90 120 110 65 64 139 164 52 59 167 156 176 19 28 16 32 150 158 186 8 99 151 46 128 48 57 159 87 29 191 9 1 152 190 125 119 124 115 162 189 5 22 180 111 92 117 2 26 69 135 171 174 157 33 79 127 105 103 82 132 122 12 21 27 143 169 140 86 133 36 168 62 183 148 172 182 47 136 163 177 6 195 72 104 95 108 173 30 185 187 165 10 76 131 107 58 14 166 88 126 116 4 198 39 188 49 160 149 44 179 184 137 181 175 38 31 60 123 98 154 42 170 23 0 51 129 73 11 153 77 196 35 17 24 155 74 114 106 118 81 138 54 194 15 20 41 53 83 130 89 91 109 134 37 70 101 121 141 13 193 18 67 144 178 34 199 68 112 78 100 61 25 147 145 113 94 3 197 7 102 56 142 80 161 
17022 | 132.100610 | 75 146 40 45 43 85 97 84 66 93 96 192 50 63 71 55 90 120 65 110 64 139 164 52 59 167 176 156 19 32 28 16 150 158 186 8 99 151 46 128 48 57 159 87 29 9 191 1 190 152 125 119 124 115 162 189 5 180 22 111 92 117 2 26 69 135 171 174 33 157 79 127 105 103 122 82 132 12 21 27 143 169 140 86 133 36 168 62 183 148 172 182 47 136 163 6 177 195 72 104 95 108 173 30 185 187 165 10 76 131 107 58 14 166 88 126 116 4 198 39 188 49 160 149 44 179 184 137 181 175 38 31 60 98 123 154 42 170 23 0 51 129 73 11 153 77 196 35 17 24 155 74 114 106 118 81 138 54 194 15 20 41 53 83 130 89 109 91 134 37 70 121 101 141 13 193 18 67 144 178 34 199 68 112 78 100 61 25 147 145 113 94 197 3 7 102 56 142 80 161 
17922 | 130.862692 | 75 146 40 45 43 85 97 84 66 93 96 192 50 63 71 55 90 120 65 110 139 64 164 59 52 167 176 156 19 28 16 32 150 158 186 8 99 151 46 128 48 57 159 87 29 9 191 1 190 152 125 119 124 115 162 189 5 180 22 111 117 92 26 2 69 135 171 174 157 33 79 127 103 105 122 82 132 12 21 143 27 169 140 86 133 36 168 148 62 183 172 182 47 136 163 6 177 195 72 104 95 108 173 30 185 187 165 10 76 131 107 58 14 166 88 126 116 4 198 39 188 49 160 149 44 179 184 181 137 175 38 31 60 98 123 154 42 170 23 0 51 129 73 153 11 77 196 35 17 24 155 74 114 106 118 81 138 54 194 15 20 41 53 83 130 89 109 91 134 37 70 121 101 141 13 193 18 67 144 178 34 199 68 112 100 78 61 25 147 145 94 113 197 7 3 102 56 142 80 161 
19922 | 128.799839 | 75 146 40 45 43 85 97 84 66 96 93 192 63 50 55 71 90 120 65 110 139 64 164 52 59 167 176 156 19 28 16 32 150 158 186 8 99 46 151 128 48 57 159 87 9 29 191 1 190 152 125 119 124 115 162 189 5 180 22 117 111 92 26 2 69 135 171 174 157 33 79 127 103 105 122 82 132 12 21 143 27 169 140 86 133 36 168 148 62 183 172 182 47 136 163 6 177 195 72 104 95 108 173 30 185 165 10 187 76 131 58 107 14 166 88 126 116 4 198 39 188 49 160 149 44 179 184 181 137 175 38 31 60 123 98 154 42 170 23 0 51 129 73 153 77 11 196 35 17 24 155 74 114 106 118 81 138 54 194 15 20 41 130 53 83 89 109 91 134 37 70 121 101 141 13 193 18 67 144 34 178 199 68 112 100 78 61 25 147 145 94 113 197 7 3 102 56 142 161 80 
20522 | 128.617988 | 75 146 40 45 43 85 97 84 66 96 93 192 63 50 55 71 90 120 65 110 139 64 164 52 59 167 176 156 19 28 16 32 150 158 186 8 46 99 128 48 151 57 159 87 9 191 29 1 190 152 125 119 124 115 162 189 5 180 22 117 111 92 26 2 69 135 174 171 157 33 79 127 103 105 122 82 132 12 21 143 27 140 169 86 133 36 168 148 62 183 172 182 136 47 163 6 177 195 72 104 95 108 173 30 185 165 10 187 76 131 58 107 166 14 88 126 116 4 198 39 188 49 160 149 44 179 184 181 137 38 175 31 60 123 98 154 42 170 23 0 51 129 153 73 77 11 196 17 35 24 155 74 114 106 118 81 138 54 194 15 20 41 130 53 83 89 109 91 134 37 70 101 121 141 13 193 18 67 144 34 178 199 68 112 100 78 61 25 147 145 94 113 197 7 3 56 102 142 80 161 
29822 | 127.682357 | 75 146 45 40 43 97 85 84 66 96 93 192 63 50 55 71 90 120 65 110 139 64 164 52 59 167 176 156 19 28 16 32 150 158 186 8 46 99 128 48 151 57 159 87 9 191 29 1 190 152 125 119 124 115 162 189 5 180 22 111 117 92 26 2 69 135 174 171 157 33 79 127 103 105 122 82 132 12 21 143 27 140 169 133 86 36 168 148 62 172 136 183 182 47 163 177 6 195 72 104 95 108 173 30 185 165 10 187 76 131 58 107 166 14 88 126 116 4 198 188 160 39 49 149 44 184 179 137 181 38 175 31 60 123 98 154 42 170 23 0 51 129 153 73 77 196 11 17 35 24 155 74 106 114 118 81 138 54 194 15 20 41 130 53 83 89 109 91 134 37 70 101 121 141 193 18 13 67 144 34 178 199 68 112 100 78 61 25 147 145 94 113 197 3 7 56 102 142 80 161 
35521 | 127.225242 | 162 60 114 109 127 128 91 29 157 51 33 45 42 104 165 59 41 155 67 131 76 39 113 123 77 122 85 14 195 177 43 58 151 144 78 87 158 74 53 49 180 191 98 99 182 183 176 192 3 5 44 154 145 112 15 21 132 137 150 37 38 164 26 102 118 84 148 167 125 79 103 108 115 62 126 100 81 8 199 10 119 135 133 186 36 140 93 179 175 52 64 68 71 171 142 110 97 101 117 65 54 166 184 172 23 24 188 153 120 152 170 129 70 139 138 28 187 136 116 72 143 46 16 0 146 181 30 63 88 94 141 124 48 190 25 147 161 31 92 66 75 11 13 198 196 1 9 163 61 89 90 27 159 69 86 47 156 95 83 56 22 19 6 174 134 80 57 160 12 20 193 7 35 2 185 55 82 96 130 34 111 40 178 173 168 194 197 32 18 17 105 121 106 73 4 169 107 50 149 189 
37284 | 125.101253 | 149 41 38 62 146 52 60 14 39 160 106 120 54 164 170 34 171 47 157 142 148 147 72 91 44 79 36 4 9 138 99 121 112 28 32 139 115 42 165 189 13 31 163 55 10 166 131 93 95 22 122 136 89 105 50 169 1 196 35 143 109 73 168 156 140 0 46 40 103 96 111 5 188 159 45 51 130 66 108 3 178 24 154 49 68 80 71 114 155 30 193 88 141 69 82 85 58 177 74 126 128 18 187 23 98 65 135 181 124 94 86 123 84 92 104 182 16 21 152 167 195 26 102 61 56 43 6 2 150 29 134 63 64 78 127 133 76 191 12 172 179 15 20 59 132 90 87 81 57 184 117 100 113 77 125 67 161 11 27 7 19 162 145 173 144 70 118 129 17 180 192 194 151 137 75 107 185 25 8 197 199 198 175 174 101 176 158 53 119 97 110 116 186 183 33 48 37 153 83 190 
43522 | 123.732846 | 75 146 45 40 43 97 85 66 84 96 93 192 63 55 50 71 120 90 65 110 139 64 52 164 59 176 167 156 19 28 16 32 150 158 186 8 99 46 128 151 48 57 159 87 9 191 1 29 190 152 125 119 115 124 162 189 5 180 22 117 111 92 26 2 69 135 174 157 171 33 127 79 103 105 122 82 132 21 12 143 140 27 169 133 86 36 168 148 136 62 172 183 182 163 47 177 6 195 72 104 95 108 173 30 185 187 10 165 76 131 107 58 14 166 88 126 116 198 4 188 160 39 149 49 184 44 179 137 38 175 181 31 60 123 98 154 42 170 23 0 51 153 129 73 77 196 11 17 35 24 155 74 106 118 114 81 138 54 15 20 194 41 130 53 83 109 89 91 134 37 70 101 121 141 18 13 193 67 144 34 178 68 199 112 100 78 61 25 147 145 94 113 197 3 7 56 142 102 80 161 
43523 | 121.438355 | 50 25 199 10 176 115 118 62 192 2 172 177 27 170 135 78 132 97 106 187 42 24 188 105 74 146 73 36 53 28 12 142 1 189 141 84 39 26 6 22 175 49 87 94 92 148 184 29 13 17 18 159 133 40 140 83 104 103 95 80 111 69 151 3 54 61 46 156 143 145 37 43 32 165 161 70 162 5 30 58 116 125 110 182 45 150 21 14 198 41 57 56 60 139 76 154 174 75 107 114 91 98 126 82 131 63 124 160 34 194 183 15 23 65 129 100 51 137 138 117 81 8 193 44 157 67 120 59 179 195 79 128 86 168 166 4 7 68 85 102 96 136 66 55 147 119 127 123 113 144 197 191 31 171 158 52 35 167 180 185 90 149 72 121 77 153 11 186 16 99 108 112 88 190 20 19 178 9 155 130 169 152 38 71 101 109 93 134 89 196 48 181 163 33 47 164 122 0 173 64 
49477 | 120.078780 | 188 136 57 67 81 187 195 97 100 131 157 0 4 197 168 119 95 75 96 107 173 167 183 1 90 128 65 46 185 28 22 177 180 7 55 89 114 123 140 198 130 91 118 110 111 138 149 171 109 87 74 60 155 153 19 172 115 76 29 175 34 179 151 145 150 174 148 70 20 9 16 27 196 2 101 72 44 199 63 51 50 125 176 193 190 43 156 134 126 84 92 58 68 37 69 105 106 112 17 23 152 113 122 86 98 71 18 3 40 73 139 154 10 160 116 161 21 169 32 194 129 85 142 53 182 24 162 66 93 127 61 42 163 184 12 191 56 147 35 186 14 189 6 166 47 135 64 5 11 26 159 102 99 83 120 137 49 41 181 192 178 25 8 141 54 146 52 78 39 48 38 124 103 80 104 82 143 158 132 108 77 45 165 170 59 30 36 62 133 121 13 15 79 88 94 117 144 164 33 31 
54223 | 119.954797 | 50 25 199 10 176 115 118 62 192 2 172 177 27 170 135 132 78 97 106 187 42 24 188 105 74 146 73 36 53 28 142 12 1 189 141 84 39 26 6 22 175 49 87 92 94 148 184 29 13 18 159 17 133 40 140 83 104 103 95 80 111 69 151 3 54 61 46 156 143 145 37 43 32 165 161 162 70 5 30 58 116 125 110 182 45 150 21 14 198 41 57 56 60 76 139 154 174 75 107 91 98 114 82 126 131 63 124 160 34 194 183 15 23 65 129 100 51 137 138 117 81 8 193 157 44 67 120 59 179 195 79 128 86 168 166 4 7 68 85 102 96 136 66 55 147 119 127 113 123 144 197 191 31 171 158 52 35 167 180 185 90 149 72 121 77 153 11 16 186 99 108 88 112 20 19 190 178 9 155 130 169 38 152 71 101 109 93 134 89 196 48 181 163 33 47 164 122 173 0 64 
58823 | 119.600268 | 50 25 199 10 176 115 118 62 192 2 172 177 27 170 135 132 78 97 106 187 42 24 188 105 74 146 73 36 53 28 142 12 1 189 84 141 39 26 6 22 49 175 87 92 94 148 184 13 29 18 159 17 133 40 140 83 103 104 95 111 80 69 3 151 54 61 46 156 145 143 43 37 165 32 161 162 70 5 30 58 125 116 110 182 45 150 21 14 198 41 57 56 60 76 139 154 174 75 98 91 107 114 82 126 131 63 124 160 34 194 183 15 23 65 129 100 51 137 138 117 81 8 193 157 44 67 59 120 179 195 79 128 86 168 166 4 7 68 85 102 96 136 66 55 147 119 113 127 123 144 197 191 31 171 158 52 35 167 180 185 90 149 72 121 77 153 11 16 186 99 108 88 112 20 19 190 178 9 155 130 169 38 152 71 101 109 93 134 89 196 48 181 163 33 47 164 122 173 64 0 
63823 | 118.279053 | 50 199 25 10 176 115 118 62 192 2 172 177 170 27 135 132 78 97 106 187 42 24 188 105 74 146 73 36 53 28 142 12 1 189 141 84 39 26 6 22 49 175 87 92 94 148 184 29 13 17 18 159 133 40 140 83 103 104 95 80 111 69 3 151 54 61 46 156 145 143 43 37 165 32 161 162 70 5 30 58 125 116 110 182 45 150 21 14 198 41 57 56 60 139 76 154 174 75 98 114 91 107 82 126 131 63 124 160 34 194 183 15 23 65 129 100 51 137 138 81 117 8 193 157 44 67 59 120 179 195 79 128 86 168 166 4 7 68 85 102 96 136 66 55 147 113 119 127 123 144 197 191 31 171 158 52 35 167 180 185 90 72 149 121 77 153 11 186 16 99 108 88 112 20 19 190 178 9 155 130 169 38 152 71 109 101 93 134 89 196 48 181 163 33 47 164 173 122 64 0 
104023 | 118.133232 | 50 199 25 10 176 115 118 62 192 2 172 177 170 27 135 132 78 97 106 187 42 24 188 105 74 73 36 146 53 28 142 12 1 189 141 84 39 26 6 22 175 49 87 94 92 148 184 29 13 17 18 159 133 40 140 83 103 104 95 80 111 3 151 69 54 61 46 156 143 145 43 37 165 162 32 161 70 5 30 58 125 116 110 182 45 150 21 14 198 41 57 56 60 139 76 154 174 75 114 91 98 107 82 131 126 63 124 160 34 194 183 15 23 65 129 100 51 137 138 81 117 8 193 157 44 59 120 67 179 195 79 128 86 168 166 4 7 68 85 96 102 136 66 55 147 113 119 127 123 144 197 191 31 171 158 52 35 167 180 185 90 149 72 121 77 11 153 186 16 99 108 88 112 20 19 190 178 9 155 130 169 38 152 71 109 101 93 134 89 196 48 181 163 33 164 47 173 122 64 0 
127523 | 116.532488 | 50 199 25 10 176 115 118 62 192 2 172 177 170 27 132 135 97 78 106 187 24 42 188 105 74 73 36 146 53 28 142 12 1 189 141 84 39 26 6 22 175 49 87 94 92 148 184 29 13 17 18 159 40 133 140 83 103 104 95 111 80 3 151 69 54 61 46 156 143 145 43 37 165 162 32 161 70 5 30 125 58 116 110 182 45 150 21 14 198 41 57 56 60 139 76 154 174 75 114 91 98 107 82 126 131 63 124 160 34 194 183 15 23 65 129 100 51 137 138 81 117 8 193 157 44 59 120 67 179 195 79 86 128 166 168 4 7 96 68 85 102 136 66 55 147 119 113 127 123 144 197 191 31 171 52 158 35 167 180 185 149 90 72 121 77 11 153 186 16 99 108 88 112 20 19 190 178 9 155 130 169 38 152 71 109 101 93 134 89 196 181 48 163 33 164 47 173 122 64 0 
135623 | 116.423633 | 50 199 25 10 176 115 118 62 192 2 172 177 170 27 132 135 97 78 106 187 24 42 188 105 74 73 36 146 53 28 142 12 1 189 141 84 39 26 22 175 6 49 87 94 92 148 184 29 13 17 18 159 40 133 83 140 103 104 95 111 80 3 151 69 54 61 46 156 143 145 43 37 165 162 161 70 32 5 30 125 58 116 110 182 45 150 21 14 198 41 57 56 60 139 76 154 174 114 75 91 98 107 82 126 131 63 124 160 34 194 183 15 23 65 129 100 51 137 138 81 117 8 193 157 44 59 120 67 179 195 86 79 128 166 168 4 7 96 68 85 102 136 66 55 147 119 113 127 123 144 197 191 31 52 158 171 35 167 180 185 149 90 72 121 77 153 11 186 16 99 108 88 112 20 19 190 178 155 9 130 38 169 152 71 109 101 89 93 134 196 181 48 163 33 164 173 47 122 64 0 
137823 | 114.929469 | 50 199 25 10 176 115 118 62 192 2 172 177 170 27 132 135 97 106 78 187 24 42 188 105 74 73 36 146 53 28 142 12 1 189 141 84 39 26 22 175 6 49 87 94 92 148 29 184 13 17 18 159 40 133 83 140 104 103 95 111 80 151 3 69 54 61 46 156 143 145 43 37 165 162 161 70 32 5 30 125 58 116 182 110 45 150 14 21 198 41 57 56 60 76 139 154 174 114 75 91 98 107 82 126 131 63 124 160 34 194 183 15 23 65 129 100 51 137 138 81 117 8 193 157 44 59 120 67 195 179 86 79 128 168 166 4 7 96 85 102 68 136 66 147 55 119 113 127 123 144 197 191 31 52 158 171 35 167 180 185 149 90 72 121 77 153 11 186 16 99 108 88 112 20 19 178 190 9 130 155 38 169 152 71 109 101 89 93 134 196 181 48 163 33 164 173 47 122 64 0 
140223 | 114.193307 | 50 199 25 10 176 118 115 62 192 2 172 177 27 170 132 135 97 106 78 187 24 42 188 74 105 73 36 146 53 28 142 12 1 189 141 84 39 26 22 175 6 49 87 94 92 148 29 184 13 17 18 159 40 133 83 140 104 103 95 111 80 151 3 69 54 61 46 156 145 143 43 37 165 162 161 70 32 5 30 125 116 58 182 110 45 150 14 21 198 41 57 56 60 76 139 154 174 114 75 91 107 98 82 126 131 63 124 160 34 194 183 15 23 65 129 100 51 137 138 81 117 8 193 157 44 59 120 67 195 179 79 86 128 168 166 4 7 96 102 85 68 66 136 147 55 119 113 123 127 144 197 191 31 52 158 171 35 180 167 185 149 90 72 121 77 153 11 186 16 99 108 88 112 19 20 178 190 9 155 130 38 169 152 71 109 101 89 93 134 196 181 48 163 33 173 164 47 122 64 0 
187823 | 112.525401 | 50 199 25 10 176 118 115 62 192 2 172 177 27 170 132 135 97 106 78 187 24 42 188 74 105 73 36 146 53 28 142 12 1 189 141 84 39 22 26 175 6 49 87 94 92 148 29 184 13 17 18 159 40 133 83 140 104 103 95 111 80 151 3 69 61 54 46 156 145 143 43 37 165 162 161 70 32 5 30 125 116 58 182 110 45 150 14 21 198 41 56 57 60 76 139 154 174 75 114 91 98 107 82 126 131 63 124 160 34 183 194 15 23 65 129 100 51 137 138 117 81 193 8 157 44 59 120 67 195 179 79 86 128 168 166 4 7 102 96 85 68 66 136 147 55 119 113 123 127 144 197 191 31 52 158 171 35 167 180 185 149 90 72 121 77 153 11 16 186 108 99 88 112 19 20 178 190 9 155 130 38 169 152 71 101 109 89 93 134 196 181 48 163 33 164 173 47 122 64 0 
375523 | 111.060602 | 50 25 199 10 176 62 118 115 192 2 177 172 27 170 132 135 106 97 78 187 24 42 188 74 105 73 36 146 142 53 28 12 1 189 141 84 39 22 26 175 6 49 87 94 92 148 29 184 13 17 18 159 40 133 83 140 104 95 103 111 80 151 3 54 61 69 46 156 145 143 43 37 165 162 161 70 32 5 30 125 116 58 182 110 45 150 14 198 21 41 56 57 60 139 76 154 174 75 114 91 107 98 82 126 131 63 124 160 34 183 194 15 23 65 129 100 51 137 138 117 81 193 8 157 44 59 120 67 195 179 79 128 86 166 168 4 7 102 96 85 68 66 136 147 55 119 113 123 127 144 197 191 31 52 158 171 35 180 167 185 149 90 72 121 77 153 11 16 186 108 99 88 112 19 20 178 190 9 155 130 38 169 152 71 101 109 89 93 134 196 181 48 163 33 164 173 47 122 64 0 
427323 | 110.991714 | 50 25 199 10 176 62 118 115 192 2 177 172 27 170 132 135 106 78 97 187 24 42 188 74 105 73 36 142 146 53 28 1 12 189 141 84 39 22 26 175 6 49 87 94 92 148 29 184 13 17 18 159 40 133 140 83 104 95 103 111 80 151 3 54 61 69 46 145 156 143 43 37 162 165 161 70 5 32 30 125 116 58 182 110 45 150 14 198 21 41 56 57 60 139 76 154 174 75 107 114 91 98 82 126 131 63 124 160 34 183 194 23 15 65 129 100 51 137 138 81 117 193 8 157 44 59 120 67 195 179 79 128 86 166 168 4 7 96 102 85 68 66 136 147 55 119 113 123 127 144 197 191 31 52 158 171 35 180 167 185 149 72 90 121 77 153 11 16 186 108 99 88 112 19 20 178 190 9 155 130 38 169 152 71 101 109 89 93 134 196 181 163 48 33 173 164 47 122 64 0 
447076 | 110.895900 | 39 34 150 43 133 112 83 81 102 80 124 178 190 18 164 50 148 53 86 11 2 172 174 75 104 158 157 168 192 139 144 101 129 122 42 137 115 119 77 84 163 193 0 109 98 108 74 33 181 169 30 26 167 196 195 143 88 82 93 55 14 23 72 47 64 68 44 147 48 166 183 3 29 6 25 173 37 136 113 94 46 60 41 153 21 24 27 12 130 111 40 140 132 87 78 61 15 63 85 66 65 73 128 114 110 19 13 5 142 67 118 79 17 185 198 10 179 188 100 131 28 135 138 134 54 45 160 155 32 177 180 184 141 154 146 70 69 107 123 76 161 20 9 89 91 165 152 121 95 99 96 116 62 31 171 175 22 162 151 189 1 8 186 36 105 58 56 38 197 182 170 90 103 199 191 4 187 194 176 159 35 117 156 59 52 16 7 57 97 51 149 49 145 106 92 126 120 127 125 71 
466623 | 110.329485 | 50 25 199 10 176 62 118 115 192 2 177 172 27 170 132 135 106 78 97 187 24 188 42 74 105 73 36 142 53 146 28 1 12 189 141 84 39 22 26 175 6 49 87 94 92 148 29 184 13 17 18 159 40 133 140 83 104 95 103 111 80 151 3 54 61 69 46 145 143 156 43 37 162 165 161 70 32 5 30 125 116 58 110 182 45 150 198 14 21 41 56 57 60 139 76 154 174 75 107 114 91 98 82 126 131 63 124 160 34 183 194 23 15 65 129 100 137 51 138 81 117 193 8 157 44 59 120 67 195 179 79 128 86 166 168 4 7 96 102 85 68 66 136 55 147 119 123 113 127 144 197 191 31 52 158 171 35 180 167 185 149 72 90 121 77 153 11 16 186 108 88 99 112 19 20 178 190 9 155 130 38 169 71 152 101 109 89 93 134 196 181 163 48 33 173 164 47 122 64 0 
494768 | 110.174900 | 61 121 108 103 72 76 134 38 167 2 197 177 21 87 127 80 109 116 42 142 73 141 27 0 176 185 182 8 22 7 41 139 65 68 124 64 94 95 93 144 40 131 69 74 118 105 91 100 151 52 30 165 155 10 45 12 181 187 191 5 16 63 146 49 150 14 179 198 6 9 163 147 47 24 113 34 161 173 67 78 140 46 160 199 188 25 20 48 159 37 115 79 83 112 175 193 11 143 132 157 183 97 125 62 4 36 166 138 75 128 84 101 59 145 23 186 162 51 136 135 156 99 114 85 89 92 82 58 189 169 88 56 53 119 123 71 1 171 174 44 32 190 153 54 129 107 55 13 15 194 28 50 149 81 98 90 192 195 3 43 106 117 122 126 154 164 196 19 33 184 70 57 102 96 120 178 29 18 17 158 60 66 35 170 111 86 133 168 172 180 39 148 152 31 104 77 137 130 110 26 
501076 | 109.470749 | 34 39 150 43 133 112 81 80 102 83 124 178 190 18 164 50 148 53 86 11 2 172 174 75 104 158 157 168 192 139 144 129 101 122 42 137 115 119 77 84 163 193 0 109 98 108 74 33 181 26 169 30 167 195 196 143 88 82 93 55 14 23 72 47 147 64 68 44 48 166 183 3 6 29 25 173 37 136 113 94 46 60 41 153 21 24 27 12 111 130 40 140 132 87 78 15 61 63 85 66 65 73 128 114 110 19 13 5 142 67 118 79 185 17 198 10 188 179 100 131 28 135 138 134 54 160 32 45 155 177 184 180 141 146 154 70 69 107 123 76 161 20 9 89 91 165 152 121 95 99 96 116 62 31 171 175 22 162 151 189 1 8 186 36 105 58 56 38 197 170 182 90 103 199 191 4 194 187 176 159 117 35 156 59 52 7 16 57 97 149 51 49 145 106 92 126 120 125 71 127 
525076 | 108.857900 | 34 39 150 43 133 112 81 80 102 83 124 178 190 18 164 50 53 148 86 11 2 172 174 75 104 158 157 168 192 139 144 129 101 122 42 137 119 115 77 84 163 193 0 109 98 108 74 33 181 26 169 30 167 196 195 143 88 82 93 55 14 23 72 147 47 64 68 44 48 166 183 3 6 25 173 29 37 136 113 94 46 60 41 153 21 24 27 12 111 130 40 140 132 87 78 15 61 63 65 85 66 73 114 128 110 19 13 5 142 67 118 79 185 17 198 10 188 179 100 131 135 28 138 134 54 160 32 45 155 177 184 180 141 146 154 70 69 107 76 123 161 20 9 89 91 165 152 121 95 99 96 116 62 31 175 171 22 162 151 189 1 8 186 36 105 58 56 38 197 182 170 90 103 199 191 4 194 187 176 159 35 117 156 59 52 7 16 97 57 149 51 49 145 106 92 126 125 120 71 127 
575582 | 107.097954 | 3 191 21 181 134 148 154 54 173 28 124 73 126 52 71 30 23 130 69 96 63 137 142 0 158 166 168 43 65 75 82 76 128 151 174 32 164 48 36 178 20 187 62 41 153 42 149 136 109 184 18 183 27 38 34 117 60 58 104 91 55 165 180 199 26 192 44 95 90 81 122 127 118 68 57 195 5 9 138 152 80 89 74 146 155 189 190 13 7 10 24 39 16 175 129 106 139 98 147 31 11 196 179 170 70 133 83 85 100 102 116 87 79 12 17 193 150 67 114 99 93 107 162 35 2 33 97 113 14 198 172 169 88 112 50 47 45 144 29 37 4 110 121 92 86 84 135 56 145 72 61 163 171 176 105 119 25 160 115 188 19 182 186 103 120 51 141 156 159 194 185 6 1 53 49 22 157 46 143 66 132 94 123 78 108 77 64 125 167 40 8 15 177 197 161 140 111 131 59 101 
583582 | 105.958231 | 3 191 21 181 134 154 148 54 173 28 124 73 126 71 52 30 23 130 69 96 63 137 142 0 158 166 168 43 65 75 82 76 151 128 174 32 164 48 36 178 20 187 62 41 153 42 149 136 109 184 18 183 27 38 34 117 60 58 104 91 55 165 180 26 192 199 44 95 90 81 122 127 118 68 57 195 5 9 138 152 80 89 74 146 155 189 190 7 13 24 10 16 39 175 129 106 98 139 147 31 11 196 179 170 70 133 83 85 100 102 87 116 79 12 17 193 150 67 114 99 93 107 162 35 2 33 97 113 14 198 172 169 88 112 50 47 45 144 29 37 4 110 92 121 86 84 135 56 145 72 61 171 163 176 119 105 160 25 115 188 19 182 186 103 120 51 141 156 159 194 185 6 1 53 49 22 157 143 46 66 132 94 123 78 108 77 64 125 167 40 8 15 177 197 161 140 111 131 59 101 
611182 | 105.325811 | 3 191 21 181 134 154 148 54 173 28 124 73 126 71 52 23 30 130 69 96 63 137 142 0 158 166 168 43 65 75 82 76 128 151 174 32 164 48 178 20 36 187 62 41 153 42 149 136 109 184 18 183 27 34 38 117 60 58 104 91 55 180 165 26 192 199 44 95 90 81 122 127 118 68 57 195 5 9 138 152 80 89 74 146 155 189 190 7 13 24 10 16 175 39 129 106 98 139 147 31 11 196 179 170 133 70 83 85 100 102 87 116 79 12 17 193 150 67 114 99 93 107 162 35 2 33 97 113 198 14 172 169 88 112 50 47 144 45 4 29 37 110 92 121 86 84 135 56 145 72 61 171 163 176 119 105 160 25 115 188 19 182 186 103 120 141 51 156 159 194 185 1 6 53 49 22 157 143 46 66 132 94 123 78 108 77 64 125 167 40 8 15 177 197 140 161 111 131 59 101 
660382 | 103.994124 | 3 191 21 181 134 154 148 54 173 28 124 73 126 71 52 23 30 130 69 96 63 137 142 158 0 166 168 43 65 75 82 76 128 151 174 32 164 48 36 178 20 187 62 41 153 42 149 136 109 184 18 27 183 34 38 117 60 58 104 91 55 180 165 26 192 199 44 95 90 81 122 127 118 68 57 195 5 9 152 138 80 89 74 155 146 189 190 7 13 24 10 16 175 39 129 106 98 139 147 31 179 196 11 170 133 70 83 85 100 87 102 116 79 12 193 17 150 67 114 93 99 107 162 35 2 33 97 113 198 14 172 169 88 112 50 144 47 45 4 29 37 110 92 121 86 84 135 56 145 72 61 171 163 176 119 105 160 25 115 188 19 182 186 103 120 141 51 156 159 194 185 1 6 53 49 22 157 143 46 66 132 94 78 123 108 77 64 125 167 40 15 8 177 197 140 161 111 131 59 101 
788482 | 103.422005 | 3 191 181 21 154 148 134 54 173 28 124 73 126 71 52 23 30 130 96 69 63 137 142 158 0 166 168 43 75 82 65 76 128 151 174 32 164 48 36 178 20 187 62 41 153 42 149 136 109 184 18 183 27 34 38 117 60 58 104 91 55 180 165 26 192 199 44 95 81 90 122 127 118 68 57 195 5 9 152 138 80 89 74 155 146 190 189 7 13 24 10 16 175 39 129 98 106 139 147 31 179 196 11 170 133 70 85 83 100 102 87 116 79 12 193 17 150 67 114 93 99 107 162 35 2 33 97 113 198 14 172 169 88 112 50 144 47 45 4 37 29 110 92 121 86 84 135 56 72 61 145 171 163 176 119 160 105 115 25 188 19 182 186 103 120 141 51 156 159 194 185 1 6 53 49 22 157 143 46 66 132 94 78 123 108 77 64 125 40 167 15 8 177 197 140 161 111 131 59 101 
830182 | 103.246237 | 3 191 181 21 154 148 134 54 173 28 124 73 126 52 71 23 30 130 96 63 69 137 142 158 0 166 168 43 75 82 65 76 128 151 174 32 164 48 36 178 187 20 62 153 41 42 149 136 109 184 18 183 27 38 34 60 58 117 104 91 55 180 165 26 192 199 44 95 81 90 122 127 68 118 57 5 9 195 152 138 80 89 74 155 146 190 189 7 13 24 10 16 175 39 129 98 106 139 147 31 179 196 11 170 133 70 85 83 100 102 87 116 79 12 193 17 114 67 150 93 99 107 162 35 2 33 97 113 198 14 172 169 88 112 50 144 47 45 4 29 37 92 110 121 86 84 135 56 72 61 145 171 163 176 160 119 105 115 25 188 19 182 186 120 103 141 51 156 159 194 185 1 6 53 49 22 157 143 46 66 132 94 78 123 108 77 64 125 40 167 15 8 177 197 140 161 111 131 59 101 
844382 | 102.359831 | 191 3 181 21 154 148 134 54 173 28 124 73 126 52 71 30 23 130 63 96 69 137 142 158 0 166 168 43 75 82 65 76 128 151 32 174 164 48 36 178 187 20 62 153 41 149 42 136 109 184 18 183 27 38 34 60 58 117 104 91 55 180 165 26 192 199 44 95 81 90 122 68 127 118 57 5 9 195 152 138 80 89 74 155 146 190 189 7 13 24 16 10 175 39 129 98 106 139 147 31 179 196 11 170 133 70 85 83 100 102 87 116 79 12 193 17 114 150 67 93 99 107 162 35 2 33 97 113 198 14 172 169 88 112 50 144 47 45 4 29 37 92 110 86 121 84 135 56 72 61 145 163 171 176 160 119 105 115 188 25 19 182 186 120 103 141 51 156 159 194 185 1 6 53 49 22 157 143 46 66 132 94 78 123 108 77 64 125 40 167 15 8 177 197 161 140 131 111 59 101 
845782 | 101.372870 | 191 3 181 21 154 148 134 54 173 28 124 73 126 52 71 23 30 63 130 96 69 137 142 158 0 166 168 43 75 82 65 76 128 151 32 164 174 48 36 178 187 20 153 62 149 41 42 136 109 184 18 183 27 38 34 60 58 117 104 91 55 165 180 192 199 26 44 95 81 90 122 68 118 127 57 5 9 195 152 138 80 74 89 155 146 190 189 7 13 24 16 10 175 39 129 106 98 139 147 31 179 196 11 170 133 70 85 83 102 100 87 116 79 12 193 17 114 150 67 93 99 107 162 35 2 33 97 113 198 14 172 169 112 88 50 144 47 45 4 29 37 92 86 110 121 84 135 56 72 61 145 163 171 176 160 119 105 115 188 25 19 182 186 120 103 141 51 156 159 194 185 1 6 49 53 22 157 143 46 66 132 94 78 123 108 77 64 125 40 167 15 8 177 197 161 140 131 111 59 101 
845882 | 99.715801 | 191 3 181 21 154 148 134 54 173 28 73 124 126 52 71 23 30 63 130 96 69 137 142 158 0 166 168 43 75 82 65 76 128 151 32 164 174 48 36 178 187 20 62 153 149 41 42 136 109 184 18 183 27 38 34 60 58 117 104 91 55 165 180 192 199 26 44 95 81 90 122 68 118 127 57 5 9 195 152 138 80 89 74 155 146 190 189 7 13 16 24 10 175 39 129 106 98 139 147 31 179 196 11 170 133 70 85 83 102 100 87 116 79 12 193 17 150 114 67 93 99 107 162 35 2 33 97 113 198 14 169 172 112 88 144 50 45 47 4 29 37 92 86 110 121 135 84 56 72 61 145 163 171 176 160 119 105 115 188 19 25 182 186 120 103 141 51 156 159 194 185 1 6 22 49 53 157 143 46 66 132 94 78 123 77 108 64 125 40 167 15 8 177 161 197 140 131 111 101 59 
896182 | 99.541514 | 191 3 181 21 154 148 134 54 28 173 73 124 126 71 52 23 30 63 130 96 69 137 142 158 0 166 168 43 82 75 65 76 128 151 32 164 174 48 36 187 178 20 62 153 149 41 42 136 109 184 18 183 27 34 38 58 60 104 117 91 55 165 180 192 26 199 44 95 81 90 122 68 127 118 57 5 9 195 152 138 80 89 74 155 146 190 189 7 13 16 24 10 175 39 129 98 106 139 147 31 179 196 11 170 133 70 85 83 102 100 87 116 79 193 12 17 150 114 67 93 99 107 162 35 2 33 97 113 198 14 169 172 112 88 50 144 45 47 4 29 37 92 86 110 121 135 84 56 72 61 145 163 171 176 160 119 105 115 188 19 25 182 186 103 120 141 51 156 159 185 194 1 6 22 49 53 157 143 46 66 132 94 78 123 77 64 108 125 40 167 15 8 177 161 197 140 131 111 101 59 
980582 | 98.476206 | 191 3 181 21 154 148 134 54 28 173 73 124 126 71 23 30 52 63 130 96 69 137 142 158 0 166 168 43 82 75 65 76 128 151 164 32 174 48 36 187 178 20 62 153 149 41 42 136 109 184 18 183 27 38 34 58 60 104 117 91 55 165 180 192 26 199 44 95 81 90 122 68 127 118 57 5 9 195 152 138 80 89 74 155 146 190 189 7 13 16 24 175 10 39 129 98 106 139 147 31 179 11 196 170 133 70 85 83 102 87 100 116 79 12 193 17 150 114 67 93 99 107 162 35 2 33 97 113 198 14 169 172 112 88 144 50 47 45 4 29 37 92 86 110 121 135 56 84 72 61 145 163 171 176 160 119 105 115 188 19 182 25 186 103 120 141 51 156 159 185 194 1 6 22 49 53 157 46 143 66 132 94 123 78 77 64 108 125 167 40 15 8 177 161 197 140 131 111 101 59 
1070182 | 97.836754 | 191 3 181 21 154 134 148 54 28 173 73 126 124 71 23 30 52 63 130 96 69 137 142 158 0 166 168 43 75 82 65 128 76 151 164 32 174 36 48 187 178 20 62 149 153 41 42 136 109 184 18 183 27 38 34 58 60 104 117 91 55 165 180 192 26 199 44 95 81 90 122 127 68 118 57 5 9 195 152 138 80 89 74 146 155 190 189 7 13 16 175 24 10 39 129 106 98 139 147 31 179 11 196 170 133 70 83 85 102 87 100 116 79 12 193 17 150 114 67 93 99 107 162 35 2 33 97 113 198 14 169 172 112 88 144 50 47 45 4 29 37 92 86 110 121 135 56 84 72 61 145 163 171 176 160 119 115 105 188 19 182 25 186 120 103 141 51 156 159 185 1 194 6 22 49 53 157 46 143 66 132 94 78 123 77 64 108 125 167 40 15 8 177 161 197 140 131 111 101 59 
1953882 | 97.023989 | 191 3 181 21 154 134 148 54 28 173 73 126 124 71 23 30 52 63 130 96 69 137 142 158 0 166 168 43 75 82 65 128 76 151 164 32 36 174 48 187 178 20 62 153 149 41 42 136 109 184 18 183 27 38 34 58 60 104 117 91 55 165 180 192 199 44 26 95 81 90 122 127 68 118 57 5 195 9 152 138 80 89 74 146 155 190 189 7 13 16 175 24 10 39 129 106 98 139 147 31 179 11 196 170 133 70 83 85 102 87 100 116 79 12 193 17 150 114 67 93 99 107 162 35 33 2 97 113 198 14 172 169 112 88 144 50 47 45 4 29 37 92 86 110 121 135 56 84 72 61 145 163 171 176 160 119 105 115 188 19 25 182 186 120 103 141 51 156 159 185 1 6 194 22 49 157 53 46 143 66 132 94 78 123 77 108 64 125 167 40 15 8 177 197 161 140 131 101 111 59 
1966682 | 96.529970 | 191 3 181 21 134 154 148 54 28 173 73 124 126 71 30 23 52 63 96 130 69 137 142 158 166 0 168 43 75 65 128 82 76 151 164 32 36 174 48 187 178 20 62 153 149 41 42 136 109 184 18 183 27 38 34 58 60 104 117 91 55 165 180 192 199 44 26 95 81 90 122 127 68 118 57 5 195 9 152 138 80 89 74 146 155 190 189 7 13 16 24 175 10 39 129 106 98 139 147 31 179 11 196 170 133 70 83 85 102 87 100 116 79 12 193 17 150 114 67 99 93 107 162 35 33 2 97 113 14 198 172 169 88 112 144 50 47 45 4 29 37 92 110 86 121 135 56 84 72 61 145 163 171 160 176 119 105 115 188 19 25 182 186 103 120 141 51 156 159 185 1 6 194 22 49 157 53 46 143 66 132 94 78 123 77 108 64 125 40 167 15 8 197 177 161 140 131 101 111 59 
1994082 | 95.869826 | 191 3 181 21 134 148 154 54 28 173 73 126 124 71 30 23 52 63 96 130 69 137 142 158 166 0 168 43 75 65 128 82 76 151 164 32 36 48 174 187 178 20 62 153 41 149 42 136 109 184 18 183 27 38 34 58 60 104 117 91 55 165 180 192 199 44 26 95 90 81 122 127 68 118 57 195 9 5 152 138 80 89 74 155 146 190 189 7 13 16 24 175 10 39 129 98 106 139 147 31 179 11 196 170 133 70 85 83 102 87 100 116 79 12 193 17 150 114 67 99 93 107 162 35 33 97 113 2 14 198 172 169 112 88 144 50 47 45 4 29 37 92 110 86 121 135 56 84 72 61 145 163 171 160 176 119 115 105 188 19 25 182 186 103 120 141 51 159 156 185 1 6 194 22 49 157 53 46 143 66 132 94 78 123 77 108 64 125 40 167 15 8 197 177 161 140 131 101 111 59 
2056082 | 95.717149 | 191 3 181 21 148 134 154 54 28 173 73 124 126 71 30 23 52 63 96 69 130 137 142 158 166 0 168 43 75 128 65 82 76 151 164 32 36 48 174 187 178 20 153 62 41 42 149 136 109 184 18 183 27 38 34 58 60 104 117 91 55 165 180 192 199 44 26 95 90 81 122 127 68 118 57 195 9 5 152 138 80 89 74 155 146 190 7 189 13 16 24 175 10 39 129 98 106 139 147 31 179 11 196 170 133 70 85 83 102 87 100 116 79 12 193 17 150 114 99 67 93 107 162 35 33 97 113 14 2 198 172 169 112 88 144 50 47 45 4 29 37 92 110 86 121 135 56 84 72 61 145 163 171 160 176 119 115 105 188 19 25 182 186 103 120 141 51 156 159 185 1 194 6 22 53 157 49 46 143 132 66 94 78 123 77 108 64 125 40 167 15 197 8 177 161 140 131 101 111 59 
2227068 | 95.127208 | 61 103 108 121 76 72 134 38 167 2 177 197 21 127 116 109 87 80 73 142 42 141 27 185 0 8 176 7 22 182 41 139 65 68 64 124 94 93 95 144 40 131 74 69 118 100 105 91 52 151 155 45 30 10 12 191 165 16 5 181 187 150 49 146 63 6 198 14 161 24 179 9 34 163 147 140 67 78 113 47 46 160 173 199 25 20 188 37 48 159 115 79 112 83 175 193 11 157 143 132 125 97 166 183 4 62 138 36 75 84 128 101 59 145 51 23 186 162 156 136 135 85 114 89 92 99 82 189 169 58 56 53 88 119 71 123 32 174 190 171 1 44 54 55 153 129 107 15 13 194 28 50 149 98 81 90 195 3 192 43 126 117 106 122 164 19 196 184 154 33 57 70 96 102 120 29 18 178 17 60 66 158 35 170 111 86 133 168 172 180 31 39 148 152 137 104 110 130 77 26 
2301668 | 94.673831 | 61 108 103 121 76 72 134 38 167 2 177 197 21 127 116 109 87 80 73 142 141 42 27 185 8 0 7 22 176 182 41 139 68 65 64 124 94 93 95 144 40 131 74 69 118 100 105 91 52 151 155 45 30 12 10 191 16 165 5 181 187 150 49 146 63 6 198 14 161 24 179 9 34 163 147 140 67 78 113 47 46 160 173 199 25 37 20 188 48 159 112 79 115 83 175 193 11 157 125 143 132 97 166 183 4 62 138 36 75 84 101 128 59 145 51 23 186 162 156 136 135 85 114 89 92 99 82 189 169 58 56 53 88 119 71 123 174 32 171 190 1 44 54 55 153 129 107 13 194 15 28 50 149 98 81 90 195 3 192 43 126 117 106 122 164 19 196 184 154 33 57 70 96 102 120 29 18 178 17 60 66 158 35 170 111 86 133 168 172 180 31 39 148 152 137 104 110 130 77 26 
2381068 | 93.518648 | 61 108 103 121 72 76 134 38 167 2 177 21 197 127 109 116 87 80 73 142 141 42 27 185 8 0 7 22 176 182 41 139 68 65 64 124 94 93 95 144 40 131 69 74 118 100 91 105 52 151 155 45 30 12 10 191 16 165 5 181 187 150 49 146 63 6 198 14 161 24 179 9 34 163 147 140 67 78 113 46 47 160 173 199 25 37 20 188 48 159 79 112 115 83 175 193 11 157 125 143 132 97 166 183 4 36 62 138 84 75 101 128 59 145 51 23 186 162 156 136 135 85 114 89 92 99 82 189 169 58 56 53 119 88 71 123 174 32 171 190 1 44 54 55 153 107 129 13 194 15 28 50 149 98 81 90 195 3 192 43 126 117 106 122 19 164 196 184 33 154 57 70 96 102 120 29 18 17 178 60 66 158 35 170 111 86 133 168 172 180 31 39 148 152 137 104 110 130 77 26 
2652868 | 93.217166 | 61 108 103 121 76 72 134 38 167 2 177 21 197 127 109 116 87 80 73 142 141 42 27 185 8 0 7 22 182 176 41 139 65 68 64 124 94 95 93 144 40 131 69 74 118 100 91 105 151 52 155 45 30 12 10 191 165 16 5 187 181 150 49 146 63 6 198 14 161 9 179 24 34 163 147 140 67 78 113 46 47 160 173 199 25 37 20 188 48 159 79 112 115 83 175 193 11 157 125 143 132 97 166 183 4 36 62 138 84 75 101 128 59 145 51 23 186 162 156 136 135 85 114 89 92 99 82 58 169 189 53 56 119 71 88 123 174 32 171 190 1 44 54 55 153 107 129 13 194 15 28 50 149 98 81 90 195 3 192 43 126 106 117 122 19 164 196 184 33 154 57 70 96 102 120 29 18 17 178 60 66 158 35 170 111 86 133 168 172 180 31 39 152 148 137 104 110 130 77 26 
