DataSet:	circ200
RunTime:	2022-5-31 12:34:36
Method:	GeneticAlg2
Params:	P:500 E:300000 SR:0.500000
DataPath:	./resources/datasets/circ200.txt

################################################################################

500 | 164.430482 | 12 187 196 68 17 161 38 89 49 149 156 173 70 42 197 6 46 3 188 77 143 94 91 132 125 155 190 103 150 96 131 166 71 32 146 128 0 111 137 73 98 53 158 80 92 43 148 147 97 50 135 11 40 61 138 126 76 45 122 116 27 23 121 145 191 123 99 109 183 160 28 44 18 31 154 193 169 41 20 151 136 57 141 21 140 174 47 85 16 172 104 95 113 88 64 165 186 192 176 184 134 129 58 69 118 24 101 178 84 36 120 115 82 5 7 90 33 195 171 194 199 117 112 48 59 179 177 39 130 78 105 181 142 75 74 110 139 119 65 8 13 22 164 182 52 168 1 14 163 86 51 87 106 60 124 83 198 35 159 175 100 152 162 67 62 127 108 56 9 170 25 54 180 10 72 102 63 153 114 133 157 34 37 107 26 66 185 30 55 189 19 81 167 4 93 79 29 15 2 144 
1000 | 164.029072 | 83 102 129 195 33 175 171 96 67 120 168 101 104 84 191 52 178 6 122 58 91 100 164 165 157 66 154 108 36 148 8 112 37 134 187 181 81 79 121 29 43 132 118 119 72 113 50 152 116 31 161 192 106 87 53 5 156 111 143 21 114 185 59 127 74 56 90 153 46 34 19 32 151 55 2 16 174 138 131 170 63 68 130 136 190 0 7 14 124 109 41 28 23 163 17 107 160 123 140 9 99 26 25 125 199 188 80 77 71 10 159 137 144 86 194 196 141 82 139 146 189 15 24 147 173 51 44 45 48 183 176 89 70 145 22 11 65 126 98 172 184 27 95 75 128 3 179 110 4 180 182 158 167 18 94 198 12 117 60 193 64 149 76 62 162 155 169 150 186 177 88 40 35 197 61 69 93 92 115 57 135 30 38 39 142 54 49 97 78 1 20 85 103 105 42 13 73 133 47 166 
1250 | 163.757069 | 87 43 152 126 133 58 165 182 153 62 66 50 131 181 30 148 64 110 83 139 94 29 27 154 173 6 188 89 136 149 5 101 140 198 128 0 157 193 108 142 138 22 175 57 72 99 53 180 96 156 34 82 2 102 183 84 104 124 194 161 125 31 103 92 105 155 111 112 69 81 137 196 171 36 44 51 122 170 47 151 91 160 65 14 41 199 11 178 10 123 93 71 32 159 7 150 80 68 59 48 1 12 187 164 78 70 129 106 79 98 73 117 174 195 85 67 192 74 167 52 121 86 115 118 55 56 45 60 42 18 113 90 97 26 127 95 186 109 49 38 17 23 132 76 143 189 25 3 145 20 13 177 21 54 191 179 75 40 77 141 116 19 168 135 120 63 169 8 39 176 163 107 147 146 197 158 185 130 61 119 88 144 100 172 37 46 166 190 16 9 35 24 114 184 162 33 28 15 4 134 
1500 | 160.707881 | 67 63 86 193 164 3 14 19 75 143 83 99 175 60 183 103 74 107 138 1 24 110 97 124 69 111 104 58 53 117 25 71 184 2 78 159 113 119 102 73 122 136 188 182 186 100 66 35 44 126 59 33 154 187 191 0 76 68 56 129 145 197 93 190 151 172 12 168 189 198 20 30 118 144 54 150 179 120 48 140 82 115 41 156 177 101 123 174 49 180 116 148 7 137 106 95 50 114 42 169 17 199 72 26 161 47 196 167 62 10 133 55 23 173 32 170 9 153 40 176 65 91 121 6 162 15 105 87 89 112 181 132 45 13 46 11 31 160 28 134 52 90 85 21 29 157 149 178 8 98 109 192 171 51 22 165 5 131 80 125 34 38 139 163 37 194 108 130 94 146 57 147 39 16 158 135 27 36 18 142 127 79 64 70 155 88 61 152 141 81 166 96 77 92 128 43 4 195 185 84 
1750 | 158.115982 | 87 43 152 122 58 147 165 182 153 62 66 50 181 30 129 64 110 83 94 29 27 154 173 6 188 89 5 144 101 198 146 0 157 193 108 137 22 175 57 72 99 53 180 96 156 34 145 82 2 102 183 84 104 194 161 31 103 92 105 155 111 112 69 81 196 132 171 36 44 51 142 136 170 47 151 91 160 130 65 14 124 41 199 11 178 10 93 71 123 32 159 7 80 68 59 139 48 1 12 187 164 78 70 106 79 135 98 73 117 174 195 85 67 192 150 74 126 167 52 121 86 115 118 55 56 45 60 138 42 18 113 127 90 97 26 128 140 95 186 109 49 148 38 17 23 76 189 25 3 20 13 177 21 54 149 191 179 75 40 77 116 19 168 120 143 134 63 169 8 39 176 163 107 125 197 158 185 133 61 119 88 100 131 172 37 46 166 190 16 9 35 24 114 184 162 141 33 28 15 4 
2750 | 155.378210 | 123 43 160 153 166 27 183 29 33 64 195 50 21 16 99 77 118 106 139 19 141 61 125 83 97 129 69 18 91 60 188 10 103 108 62 121 151 115 128 189 79 137 81 65 53 54 25 31 11 133 148 184 170 6 120 74 199 187 176 159 96 127 164 35 134 44 51 1 23 149 47 140 179 4 2 173 41 171 71 107 94 66 165 89 100 73 197 72 131 75 145 142 68 20 14 130 124 194 30 48 8 163 76 175 177 34 154 168 101 56 117 84 80 157 119 52 112 147 90 17 13 12 178 182 24 98 88 45 93 114 109 193 42 22 9 63 169 26 196 158 49 38 174 85 59 191 116 186 132 105 32 143 122 180 192 15 7 146 55 40 138 28 95 70 150 0 102 87 78 135 86 39 36 162 172 82 5 198 58 113 111 104 167 190 110 46 161 37 185 144 181 3 136 152 126 92 156 57 155 67 
3000 | 155.024054 | 160 153 41 166 39 27 44 183 29 33 64 195 21 16 99 77 118 106 19 141 61 83 137 132 69 125 18 60 89 188 10 103 131 108 62 90 122 151 115 128 189 79 94 81 65 54 25 31 11 45 47 148 184 135 46 170 6 92 74 126 199 187 176 159 164 43 121 35 97 1 23 123 149 179 91 4 2 173 171 136 71 107 66 165 100 73 197 72 75 145 142 68 40 20 14 139 194 30 8 163 76 50 175 177 51 134 95 129 34 154 168 101 49 56 117 84 80 157 119 88 112 147 17 13 12 178 182 48 24 98 140 114 109 130 193 22 9 63 169 26 196 158 174 85 59 191 116 52 53 186 105 32 143 180 192 15 38 96 7 146 55 28 70 150 0 102 87 78 127 86 36 162 172 120 82 42 5 198 138 58 113 111 104 124 133 167 190 93 110 161 37 185 144 181 3 152 156 57 155 67 
4251 | 154.155583 | 168 83 33 171 122 142 67 162 191 194 84 52 139 152 132 58 98 91 189 97 66 102 176 36 124 37 158 119 81 99 117 79 9 29 198 126 43 161 153 5 72 50 105 157 31 112 137 177 87 15 53 170 11 21 181 163 59 104 74 148 56 179 175 90 96 130 46 34 160 8 19 147 32 16 113 118 129 55 145 101 103 63 68 172 0 167 182 14 165 41 28 23 134 146 2 26 17 107 10 25 7 115 80 155 77 159 71 116 135 86 110 111 82 141 180 197 24 109 100 51 183 44 45 127 48 3 184 196 89 70 4 22 151 65 143 164 6 185 128 27 188 95 75 174 138 193 178 120 173 190 186 18 94 1 12 60 150 136 64 106 76 121 62 199 192 195 123 88 140 40 35 125 61 69 93 92 149 57 30 154 38 39 169 54 131 49 166 78 114 108 20 133 85 156 42 13 73 144 47 187 
4501 | 152.220892 | 123 43 160 153 166 27 183 29 33 195 64 50 21 16 99 77 118 106 139 141 19 61 125 83 69 97 129 91 60 18 188 103 108 121 62 10 151 115 128 189 79 137 81 65 133 53 54 148 184 25 170 120 4 31 199 11 187 5 176 74 159 96 127 164 134 1 35 149 44 140 179 51 23 2 47 173 171 107 94 41 71 165 66 89 100 73 197 131 72 145 142 75 68 130 124 20 194 14 163 30 175 48 177 8 76 154 34 168 101 117 84 80 157 56 119 52 112 147 90 6 17 178 13 12 182 24 98 88 93 45 114 109 193 42 22 9 169 63 26 196 49 158 38 174 85 59 191 116 186 132 105 32 143 122 180 192 15 7 146 138 55 40 70 95 28 150 0 102 87 78 135 86 162 39 172 36 82 198 113 58 111 104 167 190 110 46 161 37 185 144 181 3 136 152 126 92 156 57 155 67 
6002 | 145.089720 | 123 43 160 153 166 27 183 29 33 64 50 21 16 99 77 118 106 139 141 19 188 61 125 83 69 97 129 91 60 18 190 103 108 121 62 10 151 115 128 79 137 81 65 133 53 54 148 184 25 170 120 4 31 199 194 11 187 5 176 74 159 96 127 164 134 1 35 149 44 140 179 51 23 2 47 173 193 171 107 94 41 71 165 66 89 100 73 197 131 72 145 142 75 68 130 124 20 14 163 30 175 48 177 8 76 154 34 168 101 117 84 80 157 56 119 52 112 147 90 6 195 17 178 13 12 182 192 24 98 88 93 45 114 109 42 22 9 169 63 26 49 158 38 174 85 59 116 191 186 132 105 32 143 122 180 15 7 146 138 55 40 70 95 28 150 0 102 87 78 135 86 162 39 172 36 82 198 113 58 111 104 167 110 196 46 161 37 185 144 181 189 3 136 152 126 92 156 57 155 67 
7506 | 143.457954 | 47 187 107 161 32 64 89 149 156 173 30 195 16 4 21 188 23 143 132 61 51 125 69 155 60 50 190 45 150 10 52 131 94 62 166 26 146 98 128 137 65 34 53 158 54 31 38 87 11 148 147 46 105 95 101 135 74 138 5 126 122 116 121 145 77 191 0 123 36 6 183 160 104 83 99 154 71 35 169 82 96 66 197 151 18 73 136 86 141 72 42 75 108 68 14 194 140 48 174 20 109 172 106 113 33 165 2 186 192 176 184 134 56 129 118 178 1 120 115 37 40 41 13 171 12 8 92 117 112 80 193 17 19 9 179 177 29 199 196 130 63 181 142 28 88 103 85 139 119 97 39 59 164 182 15 168 25 27 163 110 78 79 124 159 55 22 175 93 70 152 90 100 162 91 84 127 44 170 180 198 24 81 3 153 58 114 102 133 157 7 43 49 185 189 76 111 167 57 144 67 
9267 | 142.087846 | 47 123 160 153 55 166 32 27 161 183 29 71 195 21 16 77 99 118 106 70 139 141 19 51 97 125 83 91 64 129 50 45 18 188 52 103 108 121 10 151 115 79 128 69 81 189 53 137 68 31 133 148 25 170 184 46 120 4 199 11 187 5 96 159 176 74 35 127 72 134 1 60 149 140 179 23 2 173 171 94 107 89 100 197 131 42 145 142 130 75 48 124 20 194 14 30 33 8 154 73 168 101 76 62 34 117 165 59 175 177 54 157 67 119 84 112 80 147 6 40 17 41 90 13 12 178 24 182 98 114 88 109 93 193 22 9 169 26 56 196 158 38 174 191 164 116 132 61 105 85 163 186 143 63 122 192 15 180 7 146 95 138 162 28 150 0 65 102 87 135 86 39 36 172 198 44 78 113 111 104 167 82 190 66 110 37 144 185 181 3 43 136 49 152 126 92 156 57 155 58 
9519 | 141.811239 | 123 160 153 166 32 27 161 183 29 71 50 195 21 16 99 118 106 70 139 141 19 125 97 64 129 91 60 45 18 188 103 108 121 10 151 115 128 69 189 137 68 53 31 54 133 148 25 170 184 120 4 199 11 187 5 159 176 74 35 96 127 72 77 134 1 149 140 51 179 23 2 47 83 173 171 75 107 94 82 89 100 197 131 42 145 142 130 124 20 194 14 30 33 8 154 73 168 101 48 62 34 117 165 175 177 157 67 119 112 147 56 90 6 52 40 17 41 13 12 178 24 182 98 88 93 80 114 109 193 22 9 169 26 196 158 38 85 49 174 191 164 116 132 61 59 105 163 186 143 63 122 192 15 180 7 78 146 79 138 95 55 162 28 150 0 65 102 87 135 39 36 86 84 172 198 44 113 111 104 81 58 167 190 66 110 37 46 144 185 181 3 43 136 152 126 92 76 156 57 155 
10782 | 140.337005 | 123 160 41 153 39 166 27 44 183 29 33 64 195 74 21 16 99 118 106 139 141 19 61 125 83 97 81 69 129 91 60 18 188 103 108 62 121 10 151 115 128 137 133 65 148 54 184 31 25 170 120 45 47 4 199 11 46 187 5 176 159 96 75 127 77 164 134 43 1 35 149 140 179 23 2 173 171 107 94 165 71 89 100 66 197 131 145 142 72 130 124 68 20 194 40 14 163 175 30 177 8 154 50 168 101 51 117 76 84 157 34 56 119 112 147 90 49 6 17 178 13 12 182 24 98 88 93 114 109 48 193 22 9 169 196 158 63 174 26 85 191 116 186 59 79 132 105 52 143 53 122 180 189 32 192 15 7 146 38 138 73 55 28 95 70 150 0 102 87 135 86 162 36 172 198 42 113 111 104 58 167 82 110 161 185 144 181 190 3 136 37 152 126 80 92 156 57 78 155 67 
11797 | 139.565933 | 123 43 160 153 166 27 29 183 33 64 50 21 16 99 77 118 106 139 141 19 188 61 125 83 69 97 129 91 60 18 190 103 108 121 62 10 151 115 128 79 81 137 65 53 133 54 148 25 184 170 120 31 4 199 194 11 187 5 176 159 74 96 127 164 35 134 1 149 42 44 140 179 23 51 2 47 173 193 171 107 94 71 41 165 66 89 100 131 73 197 145 142 72 130 75 124 68 20 163 14 175 30 48 177 154 8 76 168 34 101 117 84 80 157 119 56 147 52 112 90 6 195 178 17 13 182 12 192 24 45 98 88 93 114 22 109 9 26 169 63 158 49 38 174 85 59 116 191 132 186 143 32 122 105 180 15 7 146 40 138 55 70 95 28 150 0 102 87 78 86 135 162 39 36 172 82 198 113 58 111 104 167 110 196 161 46 185 144 37 181 189 3 136 152 126 92 156 57 155 67 
12047 | 136.528398 | 123 160 43 153 166 27 29 183 33 64 50 21 195 16 77 99 118 106 139 141 19 61 125 83 129 69 97 18 91 60 188 103 108 62 121 10 128 151 65 115 79 137 81 133 148 53 184 54 120 25 31 170 4 199 11 187 5 176 159 127 96 74 35 164 134 44 1 51 149 140 179 23 47 2 173 171 41 107 94 89 71 100 165 66 197 145 131 73 142 72 124 75 68 130 194 20 14 175 30 163 177 8 48 101 154 76 117 34 168 56 84 119 112 80 157 147 52 90 6 178 13 17 12 182 24 98 88 93 45 114 109 193 9 196 42 22 174 63 169 26 191 49 116 158 38 186 85 105 132 59 143 122 180 189 32 192 7 15 146 138 55 40 28 95 150 0 70 102 87 78 135 39 86 162 198 36 172 113 82 58 111 104 167 110 185 161 144 46 181 37 190 3 136 152 126 92 156 57 155 67 
12553 | 133.700418 | 123 160 43 153 166 27 183 29 33 64 50 195 21 16 99 77 118 106 139 141 19 61 125 83 97 91 129 69 18 188 60 103 108 121 10 151 62 115 128 79 65 137 81 53 133 184 148 54 25 170 120 31 4 199 11 187 5 176 159 74 96 127 164 134 35 1 44 149 140 51 179 23 2 173 47 171 107 94 165 41 89 71 66 100 197 131 73 145 142 72 75 130 124 68 194 20 163 14 175 177 30 48 8 76 154 168 34 117 101 157 56 84 119 80 112 52 147 6 90 178 17 13 12 182 24 98 93 88 114 109 45 193 42 169 22 196 9 63 158 174 26 38 49 191 116 85 186 59 132 105 143 32 122 180 189 192 15 7 146 55 138 40 95 28 150 0 87 102 86 70 135 162 172 39 198 36 78 58 113 111 82 104 167 110 161 46 185 144 37 181 190 3 136 152 126 92 156 57 155 67 
13818 | 131.265844 | 123 43 160 153 166 27 183 29 33 64 50 21 16 99 77 118 106 139 141 19 188 61 125 83 69 97 129 91 18 190 103 60 108 121 10 62 151 115 128 79 81 137 65 133 53 54 148 184 25 120 31 170 4 199 194 11 187 5 176 74 159 96 127 164 35 1 134 44 149 51 140 42 179 23 2 47 173 193 171 107 94 71 41 165 66 89 100 131 73 197 145 142 72 130 75 124 68 20 14 163 30 48 175 177 8 76 154 34 168 101 117 84 80 56 157 119 52 147 112 90 6 195 17 178 13 12 182 24 192 45 98 88 93 114 109 22 9 169 26 63 158 49 38 174 85 59 116 191 132 186 105 143 122 32 180 7 15 146 55 40 138 70 95 28 150 0 102 87 78 86 135 162 36 172 39 82 198 58 113 111 104 167 110 196 46 161 37 144 185 181 189 3 136 152 126 92 156 57 155 67 
14072 | 130.175941 | 123 43 160 153 166 27 183 29 33 64 50 21 16 99 77 118 106 139 141 19 188 61 125 83 69 97 129 91 18 190 103 60 108 121 62 10 151 115 128 79 81 137 65 133 53 184 54 148 25 170 31 199 120 4 194 11 187 5 176 159 74 96 127 164 134 35 1 149 44 140 51 42 179 23 2 47 171 193 173 107 94 71 41 165 66 89 100 197 131 73 145 142 72 130 75 124 68 20 14 163 48 30 175 177 8 154 76 34 168 101 117 84 80 56 157 119 52 147 112 90 6 195 17 178 13 12 182 24 192 45 98 88 93 114 109 22 9 63 169 26 158 49 38 174 85 59 116 191 186 132 143 122 105 32 180 15 7 146 138 55 40 70 95 28 0 150 102 87 78 86 135 36 162 39 172 198 82 58 113 111 104 167 110 196 46 161 37 189 144 185 181 3 136 152 126 92 156 57 155 67 
14329 | 127.930430 | 123 43 160 153 166 27 183 29 33 64 50 21 16 99 77 118 106 139 141 19 188 61 125 83 69 97 129 91 60 18 190 103 108 121 62 10 151 115 128 79 137 81 65 133 53 54 148 184 25 170 120 31 4 199 194 11 187 5 176 159 74 96 127 164 35 134 1 149 44 51 140 179 42 47 23 193 173 2 171 107 94 71 41 165 66 89 100 73 131 72 197 145 142 75 130 68 124 20 14 163 175 48 30 76 154 8 177 168 34 101 117 84 80 56 157 119 52 147 112 90 195 6 17 178 13 12 182 45 24 192 98 88 93 114 109 22 9 169 63 26 158 49 38 174 85 59 116 191 186 132 143 122 105 15 180 32 7 146 55 138 40 70 95 28 0 150 102 87 78 86 135 162 36 39 172 198 82 113 58 111 104 167 110 196 46 161 37 144 185 181 189 3 136 152 126 92 156 57 155 67 
15360 | 125.671160 | 123 43 160 153 166 27 183 29 33 64 50 21 16 99 77 118 106 139 141 19 61 125 83 97 129 91 69 60 18 188 103 108 121 10 62 151 115 128 79 137 65 81 133 53 148 54 184 25 170 31 120 4 199 194 11 187 5 176 159 74 127 164 96 134 35 1 44 149 140 51 179 47 23 193 173 171 2 107 94 41 165 71 66 89 100 131 73 145 72 197 142 130 75 68 124 20 14 48 163 175 30 177 8 76 154 34 168 101 117 157 84 80 56 119 147 52 112 90 195 6 17 178 13 12 182 24 45 114 98 88 109 93 42 22 169 9 26 158 63 49 174 38 191 186 85 59 116 132 143 122 105 32 180 189 15 192 7 146 55 40 138 95 28 150 0 102 87 70 86 78 135 39 36 162 172 198 58 113 82 111 104 167 196 110 46 161 185 37 144 181 190 3 136 152 126 92 156 57 155 67 
