DataSet:	circ200
RunTime:	2022-6-23 19:52:27
Method:	RMHC2
Params:	P:100 E:300000
DataPath:	./resources/datasets/circ200.txt

################################################################################

1 | 181.082150 | 181 194 118 122 191 74 37 178 188 167 71 198 127 57 92 107 170 94 154 64 20 146 168 196 4 5 144 114 186 135 85 141 165 101 139 10 56 121 91 158 124 50 46 11 34 171 49 185 150 1 66 123 55 104 109 193 133 192 51 197 162 190 25 6 62 97 19 78 128 8 32 44 195 106 112 21 41 24 69 88 100 39 119 60 103 80 143 22 105 73 0 9 2 77 33 18 155 68 176 38 93 102 45 65 147 82 29 180 172 120 99 137 54 48 28 149 182 142 53 148 96 159 52 47 7 163 156 15 63 160 166 13 151 199 169 115 75 179 173 187 67 157 79 83 126 164 183 42 14 117 136 86 89 132 87 72 152 27 131 161 113 16 59 189 84 98 70 111 184 175 153 108 177 23 3 61 140 76 17 43 36 26 12 138 145 58 110 35 116 134 90 95 129 174 125 31 130 81 30 40 
5 | 180.608361 | 44 186 1 25 159 74 19 45 105 161 162 156 77 111 54 67 55 34 87 118 189 119 135 2 81 103 108 31 154 183 169 18 42 30 117 190 8 39 175 99 155 128 51 191 102 198 126 12 71 188 138 79 182 89 37 120 140 106 88 91 193 150 143 112 185 116 139 133 129 130 98 180 174 172 177 43 134 199 114 122 78 170 46 192 22 146 195 76 63 65 171 15 27 48 163 187 137 11 168 61 164 158 68 173 124 16 110 141 197 36 57 66 94 196 5 145 176 62 113 64 97 85 47 20 125 17 3 52 132 127 50 59 109 104 13 148 84 107 194 152 149 70 160 40 123 58 100 35 166 131 53 136 121 86 96 80 24 142 153 23 147 82 41 29 49 92 38 73 14 184 26 0 179 101 72 21 181 60 75 4 165 32 33 10 6 178 95 151 167 7 157 28 69 83 93 144 56 90 9 115 
9 | 166.319464 | 64 11 164 157 131 172 162 24 198 32 93 53 82 70 107 57 74 137 76 52 58 136 95 119 132 15 22 25 89 6 188 51 4 126 54 183 26 129 135 121 65 37 96 108 100 39 40 97 36 46 169 189 163 47 84 199 17 143 59 13 122 2 139 102 31 192 90 141 114 35 111 167 103 144 185 149 109 173 48 68 147 154 56 127 156 7 194 63 60 30 130 75 72 186 182 148 152 158 67 83 79 104 140 16 81 187 195 150 85 110 115 41 12 146 142 116 98 101 8 27 123 145 153 28 92 91 120 161 44 0 33 45 62 175 77 80 171 197 10 55 73 112 21 66 1 29 34 43 69 196 99 49 86 50 71 181 165 23 124 94 151 19 174 61 166 18 176 170 168 180 118 5 191 3 125 113 133 128 179 155 42 20 184 78 88 178 177 190 9 117 87 105 138 14 193 160 106 159 38 134 
109 | 166.275717 | 64 11 164 157 131 172 162 24 198 32 93 53 82 70 107 57 74 137 76 52 58 136 95 119 132 15 22 25 89 6 188 51 4 126 54 183 26 129 135 121 65 37 96 108 100 39 40 97 36 46 169 189 163 47 84 199 17 143 59 13 122 2 139 102 31 192 90 141 114 35 111 167 103 144 185 149 109 173 48 68 147 154 56 127 156 7 194 63 60 30 130 75 72 186 182 148 152 158 67 83 79 104 140 16 81 195 187 150 85 110 115 41 12 146 142 116 98 101 8 27 123 145 153 28 92 91 120 161 44 0 33 45 62 175 77 80 171 197 10 55 73 112 21 66 1 29 34 43 69 196 99 49 86 50 71 181 165 23 124 94 151 19 174 166 61 18 176 170 168 180 118 5 191 3 125 113 133 128 179 155 42 20 184 78 88 178 177 190 9 117 87 105 138 14 193 160 106 159 38 134 
409 | 165.638991 | 64 11 164 157 131 172 162 24 198 32 93 53 82 70 107 57 74 137 76 52 58 136 95 119 132 15 22 25 89 6 188 51 4 126 54 183 26 129 135 121 65 37 96 108 100 39 40 97 36 46 169 189 163 47 84 199 17 143 59 13 122 2 139 102 31 192 90 141 114 35 111 167 103 144 185 149 109 173 48 68 147 154 56 127 156 7 194 63 60 30 130 75 72 186 182 148 152 158 67 83 79 104 140 16 81 195 187 150 85 110 115 41 12 146 142 116 98 101 8 27 123 145 153 28 92 120 91 161 44 0 33 45 62 175 77 80 171 10 197 55 73 112 21 66 1 29 34 43 69 99 196 49 86 50 71 181 165 23 124 94 151 19 174 166 61 18 176 170 168 180 118 5 191 3 125 113 133 128 179 155 42 20 184 78 88 178 177 190 9 117 87 105 138 14 193 160 106 159 38 134 
709 | 165.490664 | 64 11 164 157 131 172 162 24 198 32 93 53 82 70 107 57 137 74 76 52 58 136 95 119 132 15 22 25 89 6 188 51 4 126 54 183 26 129 135 121 65 37 96 108 100 39 40 97 36 46 169 189 163 47 84 199 17 143 59 13 122 2 139 102 31 192 90 141 114 35 111 167 103 144 185 149 109 173 48 68 147 154 56 127 156 7 194 63 60 30 130 75 72 186 182 148 152 158 67 83 79 140 104 16 81 195 187 150 85 110 115 41 12 146 142 116 98 101 8 27 123 145 153 28 92 120 91 161 44 0 33 45 62 175 77 80 171 10 197 55 73 112 21 66 1 29 34 43 69 99 196 49 86 50 71 181 165 23 124 94 151 19 174 166 61 18 176 170 168 180 118 5 191 3 125 113 128 133 179 155 42 20 184 78 88 178 177 190 9 117 87 105 138 14 193 160 106 159 38 134 
909 | 164.337717 | 64 11 164 157 131 172 162 24 198 32 93 53 82 70 107 57 137 74 76 52 58 136 95 119 132 15 22 25 89 6 188 51 4 126 54 183 26 129 135 121 65 37 96 108 100 39 40 97 36 46 169 189 163 47 84 199 17 143 59 13 122 2 139 102 31 192 90 141 114 35 111 167 103 144 185 149 109 173 48 68 147 154 56 127 156 7 194 63 60 30 130 75 72 186 182 148 152 158 67 79 83 140 104 16 81 195 187 150 85 110 115 41 12 146 142 116 98 101 8 27 123 145 153 28 92 120 91 161 44 0 33 45 62 175 77 80 171 10 197 55 73 112 21 66 1 29 34 43 69 99 196 49 86 71 50 181 165 23 124 94 151 19 174 166 61 18 176 170 168 180 118 5 191 3 125 113 128 133 179 155 42 20 184 78 88 178 177 190 9 117 87 105 138 14 193 160 106 159 38 134 
2509 | 164.227812 | 64 11 164 157 131 172 162 24 198 32 93 53 82 70 107 57 137 74 76 52 58 136 95 119 132 15 22 25 89 6 188 51 4 126 54 183 26 129 135 121 65 37 96 108 100 39 40 97 36 46 169 189 163 47 84 199 17 143 59 13 122 2 139 102 31 192 90 141 114 35 111 167 103 144 185 149 109 173 48 68 147 154 56 127 156 7 194 63 60 30 130 75 72 186 182 148 152 158 67 79 83 140 104 16 81 195 187 150 85 110 115 41 12 146 142 116 98 101 8 27 123 145 153 28 92 120 91 161 44 0 33 45 62 175 77 80 171 10 197 55 73 112 21 66 1 29 34 43 69 99 196 49 86 71 50 181 165 23 124 94 151 19 174 166 61 18 176 170 168 180 118 5 191 3 113 125 128 133 179 155 42 20 184 78 88 178 177 190 9 117 87 105 138 14 193 160 106 159 38 134 
2909 | 163.075497 | 64 11 164 157 131 172 162 24 198 32 93 53 82 70 107 57 137 74 76 52 58 136 95 119 132 15 22 25 89 6 188 51 4 126 54 183 26 129 135 121 65 37 96 108 100 39 40 97 36 46 169 189 163 47 84 199 17 143 59 13 122 2 139 102 31 192 90 141 114 35 111 167 103 144 185 149 109 173 48 68 147 154 56 127 156 7 194 63 60 30 130 75 72 186 182 148 152 158 67 79 83 104 140 16 81 195 187 150 85 110 115 41 12 146 142 116 98 101 8 27 123 145 153 28 92 120 91 161 44 0 33 45 62 175 77 80 171 10 197 55 73 112 21 66 1 29 34 43 69 99 196 49 86 71 50 181 165 23 124 94 151 19 174 166 61 18 176 170 168 180 118 5 191 3 113 125 128 133 179 155 42 20 184 78 88 178 177 190 9 117 87 105 138 14 193 160 106 159 38 134 
5309 | 160.751909 | 64 11 164 157 131 172 162 24 198 32 93 53 82 70 107 57 137 74 76 52 58 136 95 119 132 15 22 25 89 6 188 51 4 126 54 183 26 129 135 65 121 37 96 108 100 39 40 97 36 46 169 189 163 47 84 199 17 143 59 13 122 2 139 102 31 192 90 141 114 35 111 167 103 144 185 149 109 173 48 68 147 154 56 127 156 7 194 63 60 30 130 75 72 186 182 148 152 158 67 79 83 104 140 81 16 187 195 150 85 110 115 41 12 146 142 116 98 101 8 27 123 145 153 28 92 120 91 161 44 0 33 45 62 175 77 80 171 10 197 55 73 112 21 66 1 29 34 43 69 99 196 49 86 71 50 181 165 23 124 94 151 19 174 166 61 18 176 170 168 180 118 5 191 3 113 125 128 133 179 155 42 20 184 78 88 178 177 190 9 117 87 105 138 14 193 160 106 159 38 134 
7409 | 160.631010 | 64 11 164 157 131 172 162 24 198 32 93 53 82 70 107 57 137 74 76 52 58 136 95 119 132 15 22 25 89 6 188 51 4 126 54 183 26 129 135 65 121 37 96 108 100 39 40 97 36 46 169 189 163 47 84 199 17 143 59 13 122 2 139 102 31 192 90 141 114 35 111 167 103 144 185 109 149 173 48 68 147 154 56 127 156 7 194 63 60 30 130 75 72 186 182 148 152 158 67 79 83 104 140 81 16 187 195 150 85 110 115 41 12 146 142 116 98 101 8 27 123 145 153 28 92 120 91 161 44 0 33 45 62 175 77 80 171 10 197 55 73 112 21 66 1 29 34 43 69 99 196 49 86 71 50 181 165 23 124 94 151 19 174 166 61 18 176 170 168 180 118 5 191 3 113 125 128 133 179 155 42 20 184 78 88 178 177 190 9 117 87 105 138 14 193 160 106 159 38 134 
7757 | 160.011784 | 27 188 192 172 18 59 80 93 95 74 79 159 28 31 55 1 173 72 91 82 68 170 124 140 7 26 23 6 96 57 54 46 66 136 8 99 73 177 58 13 77 139 160 10 199 2 94 166 90 128 35 33 171 174 164 42 76 108 116 38 102 83 148 163 17 44 70 147 109 61 133 3 158 137 21 22 142 47 118 69 149 39 65 84 183 86 11 190 49 34 195 175 51 141 62 106 113 9 165 37 155 179 88 134 115 111 121 198 53 30 29 126 5 4 193 43 131 119 156 127 132 92 56 89 161 197 157 189 104 71 103 52 167 0 123 50 162 129 15 60 45 117 196 67 176 187 19 64 153 122 101 143 150 181 191 97 145 12 48 168 180 114 81 146 138 135 41 144 110 105 107 87 182 16 14 75 100 25 63 40 36 85 98 152 154 186 78 120 125 24 20 112 130 169 178 185 151 184 32 194 
8457 | 160.009939 | 27 188 192 172 18 59 80 93 95 74 79 159 28 31 55 1 173 72 91 82 68 170 124 140 7 26 23 6 96 57 54 46 66 136 8 99 73 177 58 13 77 139 160 10 199 2 94 166 90 128 35 33 171 174 164 42 76 108 116 38 102 83 148 163 17 44 70 147 109 61 133 3 158 137 21 22 142 47 118 69 149 39 65 84 183 86 11 190 49 34 195 175 51 141 62 106 113 9 165 37 155 179 88 134 115 111 121 198 53 30 29 126 5 4 193 43 131 119 156 127 132 92 56 89 161 197 157 189 104 71 103 52 167 0 123 50 162 129 15 60 45 117 196 67 176 187 19 64 153 101 122 143 150 181 191 97 145 12 48 168 180 114 81 146 138 135 41 144 110 105 107 87 182 16 14 75 100 25 63 40 36 85 98 152 154 186 78 120 125 24 20 112 130 169 178 185 151 184 32 194 
10657 | 160.009939 | 27 188 192 172 18 59 80 93 95 74 79 159 28 31 55 1 173 72 91 82 68 170 124 140 7 26 23 6 96 57 54 46 66 136 8 99 73 177 58 13 77 139 160 10 199 2 94 166 90 128 35 33 171 174 164 42 76 108 116 38 102 83 148 163 17 44 70 147 109 61 133 3 158 137 21 22 142 47 118 69 149 39 65 84 183 86 11 190 34 49 195 175 51 141 62 106 113 9 165 37 155 179 88 134 115 111 121 198 53 30 29 126 5 4 193 43 131 119 156 127 132 92 56 89 161 197 157 189 104 71 103 52 167 0 123 50 162 129 15 60 45 117 196 67 176 187 19 64 153 101 122 143 150 181 191 97 145 12 48 168 180 114 81 146 138 135 41 144 110 105 107 87 182 16 14 75 100 25 63 40 36 85 98 152 154 186 78 120 125 24 20 112 130 169 178 185 151 184 32 194 
10957 | 158.727208 | 27 188 192 172 18 59 80 93 95 74 79 159 28 31 55 1 173 72 91 82 68 170 124 140 7 26 23 6 96 54 57 46 66 136 8 99 73 177 58 13 77 139 160 10 199 2 94 166 90 128 35 33 171 174 164 42 76 108 116 38 102 83 148 163 17 44 70 147 109 61 133 3 158 137 21 22 142 47 118 69 149 39 65 84 183 86 11 190 34 49 195 175 51 141 62 106 113 9 165 37 155 179 88 134 115 111 121 198 53 30 29 126 5 4 193 43 131 119 156 127 132 92 56 89 161 197 189 157 104 71 103 52 167 0 123 50 162 129 15 60 45 117 196 67 176 187 19 64 153 101 122 143 150 181 191 97 145 12 48 168 180 114 81 146 138 135 41 144 110 105 107 87 182 16 14 75 100 25 63 40 36 85 98 152 154 186 78 120 125 24 20 112 130 169 178 185 151 184 32 194 
13757 | 158.490850 | 27 188 192 172 18 59 80 93 95 74 79 159 28 31 55 1 173 72 91 82 68 170 124 140 7 26 23 6 96 57 54 46 66 136 8 99 73 177 58 13 77 139 160 10 199 2 94 166 90 128 35 33 171 174 164 42 76 108 116 38 102 83 148 163 17 44 70 147 109 61 133 3 158 137 21 22 142 47 118 69 149 39 65 84 183 86 11 190 34 49 195 175 51 141 62 106 113 9 165 37 155 179 88 134 115 111 121 198 53 30 29 126 5 4 193 43 131 119 156 127 132 92 56 89 161 197 189 157 104 71 103 52 167 0 123 50 162 129 15 60 45 117 196 67 176 187 19 64 153 101 122 143 150 181 191 97 145 12 48 168 180 114 81 146 138 135 41 144 110 105 107 87 182 16 14 75 100 25 63 40 36 85 98 152 154 186 78 120 125 24 20 112 130 169 178 185 151 184 32 194 
17657 | 158.295413 | 27 188 192 172 18 59 80 93 95 74 79 159 28 31 55 1 173 72 91 82 68 170 124 140 7 26 23 6 96 57 54 46 66 136 8 99 73 177 58 13 77 139 160 10 199 2 94 166 90 128 35 33 171 174 42 164 76 108 116 38 102 83 148 163 17 44 70 147 109 61 133 3 158 137 21 22 142 47 118 69 149 39 65 84 183 86 11 190 34 49 195 175 51 141 62 106 113 9 165 37 155 179 88 134 115 111 121 198 53 30 29 126 5 4 193 43 131 119 156 127 132 92 56 89 161 197 189 157 104 71 103 52 167 0 123 50 162 129 60 15 45 117 196 67 176 187 19 64 153 101 122 143 150 181 191 97 145 12 48 168 180 114 81 146 138 135 41 144 110 105 107 87 182 16 14 75 100 25 63 40 36 85 98 152 154 186 78 120 125 24 20 112 130 169 178 185 151 184 32 194 
19457 | 157.940335 | 27 188 192 172 18 59 80 93 95 74 79 159 28 31 55 1 173 72 91 82 68 170 124 140 7 26 23 6 96 57 54 46 66 136 8 99 73 177 58 13 77 139 160 10 199 2 94 166 90 128 35 33 171 174 164 42 76 108 116 38 102 83 148 163 17 44 70 147 109 61 133 3 158 137 21 22 142 47 118 69 149 39 65 84 183 86 11 190 34 49 195 175 51 141 62 106 113 9 165 37 155 179 88 134 115 111 121 198 53 30 29 126 5 4 193 43 131 119 156 127 132 92 56 89 161 197 189 157 104 71 103 52 167 0 123 50 162 129 60 15 45 117 196 67 176 187 19 64 153 101 122 143 150 181 191 97 145 12 48 168 180 114 81 146 138 135 41 144 110 105 107 87 182 16 14 75 100 25 63 40 36 85 98 152 154 186 78 120 125 24 20 112 130 169 178 185 151 184 32 194 
21757 | 157.927272 | 27 188 192 172 18 59 80 93 95 74 79 159 28 31 55 1 173 72 91 82 68 170 124 140 7 26 23 6 96 57 54 46 66 136 8 99 73 177 58 13 77 139 160 10 199 2 94 166 90 128 35 33 171 174 164 42 76 108 116 38 102 83 148 163 17 44 70 147 109 61 133 3 158 137 21 22 142 47 118 69 149 39 65 84 183 86 11 190 34 49 195 175 51 141 62 106 113 9 165 37 155 179 88 134 115 111 121 198 53 30 29 126 5 4 193 43 131 119 156 127 132 92 56 89 161 197 189 157 104 71 103 52 167 0 123 50 162 129 60 15 45 117 196 67 176 187 19 64 153 101 122 143 150 181 191 97 145 12 48 168 180 114 81 146 138 135 41 144 110 105 107 87 182 16 14 75 100 25 63 40 36 98 85 152 154 186 78 120 125 24 20 112 130 169 178 185 151 184 32 194 
28157 | 157.835136 | 27 188 192 172 18 59 80 93 95 74 79 159 28 31 55 173 1 72 91 82 68 170 124 140 7 26 23 6 96 57 54 46 66 136 8 99 73 177 58 13 77 139 160 10 199 2 94 166 90 128 35 33 171 174 164 42 76 108 116 38 102 83 148 163 17 44 70 147 109 61 133 3 158 137 21 22 142 47 118 69 149 39 65 84 183 86 11 190 34 49 195 175 51 141 62 106 113 9 165 37 155 179 88 134 115 111 121 198 53 30 29 126 5 4 193 43 131 119 156 127 132 92 56 89 161 197 189 157 104 71 103 52 167 0 123 50 162 129 60 15 45 117 196 67 176 187 19 64 153 101 122 143 150 181 191 97 145 12 48 168 180 114 81 146 138 135 41 144 110 105 107 87 182 16 14 75 100 25 63 40 36 98 85 152 154 186 78 120 125 24 20 112 130 169 178 185 151 184 32 194 
28268 | 156.817157 | 134 59 2 168 173 90 116 123 188 159 104 58 148 98 77 133 147 108 97 53 103 20 50 40 128 81 154 110 152 151 14 8 112 113 16 184 145 36 47 78 100 3 167 143 18 111 51 171 9 95 69 38 26 49 141 68 122 170 87 84 73 79 96 105 109 166 194 22 88 46 125 136 169 126 80 114 195 35 23 182 137 74 62 99 56 181 61 157 144 32 162 120 15 13 45 160 199 186 5 183 72 57 131 118 75 71 165 1 43 83 27 92 48 149 65 67 121 19 174 33 193 140 158 11 164 127 119 28 7 91 70 132 139 10 0 17 187 76 94 142 156 177 192 179 101 42 115 130 198 153 138 86 178 185 107 93 106 39 102 25 175 6 163 150 41 31 191 64 60 30 66 161 63 85 129 24 21 196 190 197 176 37 155 52 44 146 189 34 180 4 172 82 29 89 117 55 54 12 135 124 
31257 | 155.121550 | 27 188 192 172 18 59 80 93 95 74 79 159 28 31 55 173 1 72 91 82 68 170 124 140 7 26 23 6 96 57 54 46 66 136 8 99 73 177 58 13 77 139 160 10 199 2 166 94 90 128 35 33 171 174 164 42 76 108 116 38 102 83 148 163 17 44 70 147 109 61 133 3 158 137 21 22 142 47 118 69 149 39 65 84 183 86 11 190 34 49 195 175 51 141 62 106 113 9 165 37 155 179 88 134 115 111 121 198 53 30 29 126 5 4 193 43 131 119 156 127 132 92 56 89 161 197 189 157 104 71 103 52 167 0 123 50 162 129 60 15 45 117 196 67 176 187 19 64 153 101 122 143 150 181 191 97 145 12 48 168 180 114 81 146 138 135 41 144 110 105 107 87 182 16 14 75 100 25 63 40 36 98 85 152 154 186 78 120 125 24 20 112 130 169 178 185 151 184 32 194 
34457 | 154.049011 | 27 188 192 172 18 59 80 93 95 74 79 159 28 31 55 173 1 72 91 82 68 170 124 140 7 26 23 6 96 57 54 46 66 136 8 99 73 177 58 13 77 139 160 10 199 2 166 94 90 128 35 33 171 174 164 42 76 108 116 38 102 83 148 163 17 44 70 147 109 61 133 3 158 137 21 22 142 47 118 69 149 39 65 84 183 86 11 190 34 49 195 175 51 141 62 106 113 9 165 37 155 179 88 134 115 111 121 198 53 30 29 126 5 4 193 43 131 119 156 127 132 92 56 89 161 197 189 157 104 103 71 52 167 0 123 50 162 129 60 15 45 117 196 67 176 187 19 64 153 101 122 143 150 181 191 97 145 12 48 168 180 114 81 146 138 135 41 144 110 105 107 87 182 16 14 75 100 25 63 40 36 98 85 152 154 186 78 120 125 24 20 112 130 169 178 185 151 184 32 194 
35257 | 154.016992 | 27 188 192 172 18 59 80 93 95 74 79 159 28 31 55 173 1 72 91 82 68 170 124 140 7 26 23 6 96 57 54 46 66 136 8 99 73 177 58 13 77 139 160 10 199 2 166 94 90 128 35 33 171 174 164 42 76 108 116 38 102 83 148 163 44 17 70 147 109 61 133 3 158 137 21 22 142 47 118 69 149 39 65 84 183 86 11 190 34 49 195 175 51 141 62 106 113 9 165 37 155 179 88 134 115 111 121 198 53 30 29 126 5 4 193 43 131 156 119 127 132 92 56 89 161 197 189 157 104 103 71 52 167 0 123 50 162 129 60 15 45 117 196 67 176 187 19 64 153 101 122 143 150 181 191 97 145 12 48 168 180 114 81 146 138 135 41 144 110 105 107 87 182 16 14 75 100 25 63 40 36 98 85 152 154 186 78 120 125 24 20 112 130 169 178 185 151 184 32 194 
37557 | 154.016880 | 27 188 192 172 18 59 80 93 95 74 79 159 28 31 55 173 1 72 91 82 68 170 124 140 7 26 23 6 96 57 54 46 66 136 8 99 73 177 58 13 77 139 160 10 199 2 166 94 90 128 35 33 171 174 164 42 76 108 116 38 102 83 148 163 44 17 70 147 109 61 133 3 158 137 21 22 142 47 118 69 149 39 65 84 183 86 11 190 34 49 195 175 51 141 62 106 113 9 165 37 155 179 88 134 115 111 121 198 53 30 29 126 5 4 193 43 131 156 119 127 132 92 56 89 161 197 189 157 103 104 71 52 167 0 123 50 162 129 60 15 45 117 196 67 176 187 19 64 153 101 122 143 150 181 191 97 145 12 48 168 180 114 81 146 138 135 41 144 110 105 107 87 182 16 14 75 100 25 63 40 36 98 85 152 154 186 78 120 125 24 20 112 130 169 178 185 151 184 32 194 
38957 | 153.774226 | 27 188 192 172 18 59 80 93 95 74 79 159 28 31 55 173 1 72 91 82 68 170 124 140 7 26 23 6 96 57 54 46 66 136 8 99 73 177 58 13 77 139 160 10 199 2 166 94 90 128 35 33 171 174 164 42 76 108 116 38 102 83 148 163 17 44 70 147 109 61 133 3 158 137 21 22 142 47 118 69 149 39 65 84 183 86 11 190 34 49 195 175 51 141 62 106 113 9 165 37 155 179 88 134 115 111 121 198 53 30 29 126 5 4 193 43 131 156 119 127 132 92 56 89 161 197 189 157 103 104 71 52 167 0 123 50 162 129 60 15 45 117 196 67 176 187 19 64 153 101 122 143 150 181 191 97 145 12 48 168 180 114 81 146 138 135 41 144 110 105 107 87 182 16 14 75 100 25 63 40 36 98 85 152 154 186 78 120 125 24 20 112 130 169 178 185 151 184 32 194 
45657 | 153.500951 | 27 188 192 172 18 59 80 93 95 74 79 159 28 31 55 173 1 72 91 82 68 170 124 140 7 26 23 6 96 57 54 46 66 136 8 99 73 177 58 13 77 139 160 10 199 2 166 94 90 128 35 33 171 174 164 42 76 108 116 38 102 83 148 163 17 44 70 147 109 61 133 3 158 137 21 22 142 47 118 69 149 39 65 84 183 86 11 190 34 49 195 175 51 141 62 106 113 9 165 37 155 179 88 134 115 111 121 198 53 30 29 126 5 4 193 131 43 156 119 127 132 92 56 89 161 197 189 157 103 104 71 52 167 0 123 50 162 129 60 15 45 117 196 67 176 187 19 64 153 101 122 143 150 181 191 97 145 12 48 168 180 114 81 146 138 135 41 144 110 105 107 87 182 16 14 75 100 25 63 40 36 98 85 152 154 186 78 120 125 24 20 112 130 169 178 185 151 184 32 194 
46257 | 153.500951 | 27 188 192 172 18 59 80 93 95 74 79 159 28 31 55 173 1 72 91 82 68 170 124 140 7 26 23 6 96 57 54 46 66 136 8 99 73 177 58 13 77 139 160 10 199 2 166 94 90 128 35 33 171 174 164 42 76 108 116 38 102 83 148 163 17 44 70 147 109 61 133 3 158 137 21 22 142 47 118 69 149 39 65 84 183 86 11 190 34 49 195 175 51 141 62 106 113 9 165 37 155 179 88 134 115 111 121 198 53 30 29 126 5 4 193 131 43 156 119 127 132 92 56 89 161 197 189 157 103 104 71 52 167 0 123 50 162 129 60 15 45 117 196 67 176 187 19 64 153 101 122 143 150 181 191 97 145 12 48 168 180 114 81 138 146 135 41 144 110 105 107 87 182 16 14 75 100 25 63 40 36 98 85 152 154 186 78 120 125 24 20 112 130 169 178 185 151 184 32 194 
54765 | 153.209071 | 92 110 128 151 190 194 85 65 183 91 20 197 28 165 72 108 115 134 50 106 25 176 123 107 66 97 70 94 11 48 146 73 138 30 111 84 121 140 186 191 170 125 13 7 80 90 35 160 144 45 23 19 198 109 87 114 79 15 141 12 55 168 185 120 86 122 166 21 44 29 119 62 32 193 33 192 175 101 98 47 77 195 40 155 184 63 38 56 61 102 103 69 131 154 150 57 58 88 118 100 158 169 171 24 142 153 3 0 2 147 54 132 117 173 179 89 83 71 31 178 162 6 42 149 135 52 148 17 116 124 145 143 49 36 105 4 159 139 22 199 187 76 67 39 163 81 5 113 126 78 181 161 93 129 137 26 189 182 112 95 1 96 172 75 51 156 41 104 10 174 68 99 74 60 53 8 167 152 27 136 43 64 82 127 164 157 37 196 16 14 18 180 130 133 46 9 188 59 34 177 
54865 | 153.128460 | 92 110 128 151 190 194 85 65 183 91 20 197 28 165 72 108 115 134 50 106 25 176 123 107 66 97 70 94 11 48 146 73 138 30 111 84 121 140 186 191 170 125 13 7 80 90 35 160 144 45 23 19 198 109 87 114 79 15 141 12 55 168 185 120 86 122 166 21 44 29 119 62 32 193 33 192 175 101 98 47 77 195 40 155 184 63 38 56 61 102 103 69 131 154 150 57 58 88 118 100 158 169 171 24 142 153 3 0 2 147 54 132 117 173 179 89 83 71 31 178 162 6 42 149 135 52 148 17 116 124 145 143 49 36 105 4 159 139 22 199 187 76 67 39 163 81 5 113 126 78 181 161 93 129 137 26 189 182 112 95 1 96 172 75 51 156 41 104 10 174 68 99 74 60 53 8 167 152 27 136 43 64 82 127 164 157 37 16 196 14 18 180 130 133 46 9 188 59 34 177 
55065 | 152.995561 | 92 110 128 151 190 194 85 65 183 91 20 197 28 165 72 108 115 134 50 106 25 176 123 107 66 97 70 94 11 48 146 73 138 30 111 84 121 140 186 191 170 125 13 7 80 90 35 160 144 45 23 19 198 109 87 114 79 15 141 12 55 168 185 120 86 122 166 21 44 29 119 62 32 193 33 175 192 101 98 47 77 195 40 155 184 63 38 56 61 102 103 69 131 154 150 57 58 88 118 100 158 169 171 24 142 153 3 0 2 147 54 132 117 173 179 89 83 71 31 178 162 6 42 149 135 52 148 17 116 124 145 143 49 36 105 4 159 139 22 199 187 76 67 39 163 81 5 113 126 78 181 161 93 129 137 26 189 182 112 95 1 96 172 75 51 156 41 104 10 174 68 99 74 60 53 8 167 152 27 136 43 64 82 127 164 157 37 16 196 14 18 180 130 133 46 9 188 59 34 177 
63165 | 152.935495 | 92 110 128 151 190 194 85 65 183 91 20 197 28 165 72 108 115 134 50 106 25 176 123 107 66 97 70 94 11 48 146 73 138 30 111 84 121 140 186 191 170 125 13 7 80 90 35 160 144 45 23 19 198 109 87 114 79 15 141 12 55 168 185 120 86 122 166 21 44 29 119 62 32 193 33 175 192 101 98 47 77 195 40 155 184 63 38 56 61 102 103 69 131 154 150 57 58 88 118 100 158 169 171 24 142 153 3 0 2 147 54 132 117 173 179 89 83 71 31 178 162 6 42 149 135 52 148 17 116 124 145 143 49 36 105 4 159 139 22 199 187 76 67 39 163 81 5 113 126 78 161 181 93 129 137 26 189 182 112 95 1 96 172 75 51 156 41 104 10 174 68 99 74 60 53 8 167 152 27 136 43 64 82 127 164 157 37 16 196 14 18 180 130 133 46 9 188 59 34 177 
66465 | 152.862300 | 92 110 128 151 190 194 85 65 183 91 20 197 28 165 72 108 134 115 50 106 25 176 123 107 66 97 70 94 11 48 146 73 138 30 111 84 121 140 186 191 170 125 13 7 80 90 35 160 144 45 23 19 198 109 87 114 79 15 141 12 55 168 185 120 86 122 166 21 44 29 119 62 32 193 33 175 192 101 98 47 77 195 40 155 184 63 38 56 61 102 103 69 131 154 150 57 58 88 118 100 158 169 171 24 142 153 3 2 0 147 54 132 117 173 179 89 83 71 31 178 162 6 42 149 135 52 148 17 116 124 145 143 49 36 105 4 159 139 22 199 187 76 67 39 163 81 5 113 126 78 161 181 93 129 137 26 189 182 112 95 1 96 172 75 51 156 41 104 10 174 68 99 74 60 53 8 167 152 27 136 43 64 82 127 164 157 37 196 16 14 18 180 130 133 46 9 188 59 34 177 
72465 | 152.855498 | 92 110 128 151 190 194 85 65 183 91 20 197 28 165 72 108 115 134 50 106 25 176 123 107 66 97 70 94 11 48 146 73 138 30 111 84 121 140 186 170 191 125 13 7 80 90 35 160 144 45 23 19 198 109 87 114 79 15 141 12 55 168 185 120 86 122 166 21 44 29 119 62 32 193 33 175 192 101 98 47 77 195 40 155 184 63 38 56 61 102 103 69 131 154 150 57 58 88 118 100 158 169 171 24 142 153 3 2 0 147 54 132 117 173 179 89 83 71 31 178 162 6 42 149 135 52 148 17 116 124 145 143 49 36 105 4 159 139 199 22 187 76 67 39 163 81 5 113 126 78 161 181 93 129 137 26 189 182 112 95 1 96 172 75 51 156 41 104 10 174 68 99 74 60 53 8 167 152 27 136 43 64 82 127 164 157 37 196 16 14 18 180 130 133 46 9 188 59 34 177 
73865 | 151.704625 | 92 110 128 151 190 194 85 65 183 91 20 197 28 165 72 108 115 134 50 106 25 176 123 107 66 97 70 94 11 48 146 73 138 30 111 84 121 140 186 191 170 125 13 7 80 90 35 160 144 45 23 19 198 109 87 114 79 15 141 12 55 168 185 120 86 122 166 21 44 29 119 62 32 193 33 175 192 101 98 47 77 195 40 155 184 63 38 56 61 102 103 69 131 154 150 57 58 88 118 100 158 169 171 24 142 153 3 2 0 147 54 132 117 173 179 89 83 71 31 178 162 6 42 149 135 52 148 17 116 124 145 143 49 36 105 4 159 139 22 199 187 76 67 39 163 81 5 113 126 78 161 181 93 129 137 26 189 182 112 95 1 96 172 75 51 156 41 104 10 174 68 99 74 60 53 8 167 152 27 136 43 64 82 127 164 157 37 196 16 14 18 180 130 133 46 9 188 59 34 177 
78665 | 151.624015 | 92 110 128 151 190 194 85 65 183 91 20 197 28 165 72 108 115 134 50 106 25 176 123 107 66 97 70 94 11 48 146 73 138 30 111 84 121 140 186 191 170 125 13 7 80 90 35 160 144 45 23 19 198 109 87 114 79 15 141 12 55 168 185 120 86 122 166 21 44 29 119 62 32 193 33 175 192 101 98 47 77 195 40 155 184 63 38 56 61 102 103 69 131 154 150 57 58 88 118 100 158 169 171 24 142 153 3 2 0 147 54 132 117 173 179 89 83 71 31 178 162 6 42 149 135 52 148 17 116 124 145 143 49 36 105 4 159 139 22 199 187 76 67 39 163 81 5 113 126 78 161 181 93 129 137 26 189 182 112 95 1 96 172 75 51 156 41 104 10 174 68 99 74 60 53 8 167 152 27 136 43 64 82 127 164 157 37 16 196 14 18 180 130 133 46 9 188 59 34 177 
83265 | 148.487672 | 92 110 128 151 190 194 85 65 183 91 20 197 28 165 72 108 115 134 50 106 25 176 123 107 66 97 70 94 11 48 146 73 138 30 111 84 121 140 186 191 170 125 13 7 80 90 35 160 144 45 23 19 198 109 87 114 79 15 141 12 55 168 185 120 86 122 166 21 44 29 119 62 32 193 33 175 192 101 98 47 77 195 40 155 184 63 38 56 61 102 103 69 131 154 150 57 58 88 118 100 158 169 171 24 142 153 3 2 0 147 54 132 117 173 179 89 83 71 31 178 162 6 42 149 135 52 148 17 116 124 145 143 49 36 105 4 159 139 22 199 187 76 67 39 163 81 5 113 126 78 161 181 93 129 137 26 189 182 112 95 96 1 172 75 51 156 41 104 10 174 68 99 74 60 53 8 167 152 27 136 43 64 82 127 164 157 37 16 196 14 18 180 130 133 46 9 188 59 34 177 
105168 | 148.185865 | 134 59 168 2 173 90 116 123 188 159 104 58 148 98 77 133 147 108 97 103 53 20 50 40 128 81 110 154 152 151 14 8 112 113 16 184 145 36 47 78 100 3 167 143 18 111 51 171 9 95 69 38 26 49 141 68 122 170 87 84 73 79 96 105 109 166 22 194 88 46 125 169 136 126 80 114 195 23 182 35 137 74 99 62 56 181 61 157 144 32 162 120 15 13 45 160 199 5 186 183 72 131 57 118 75 71 165 1 43 83 27 92 48 149 65 67 121 19 174 33 193 140 158 11 164 127 119 28 7 91 70 132 139 0 10 17 187 76 94 142 156 177 192 179 101 42 115 130 198 153 138 86 178 185 107 93 106 39 102 25 175 6 163 150 41 31 191 64 60 30 161 66 63 85 129 24 21 196 190 197 176 37 155 52 44 146 189 34 180 4 172 82 29 89 117 55 54 12 135 124 
112968 | 148.071251 | 134 59 168 2 173 90 116 123 188 159 104 58 148 98 77 133 147 108 97 103 53 20 50 40 128 81 110 154 152 151 14 8 112 113 16 184 145 36 47 78 100 3 167 143 18 111 51 171 9 95 69 38 26 49 141 68 122 170 87 84 73 79 96 105 109 166 22 194 88 46 125 169 136 126 80 114 195 23 182 35 137 74 99 62 56 181 61 157 144 32 162 120 15 13 45 160 199 5 186 183 72 131 57 118 75 71 165 1 43 83 27 92 48 149 65 67 121 19 174 33 193 140 158 11 164 127 119 28 7 91 70 132 139 0 10 17 187 94 76 142 156 177 192 179 101 42 115 130 198 153 138 86 178 185 107 93 106 39 102 25 175 6 163 150 41 31 191 64 60 30 161 66 63 85 129 24 21 196 190 197 176 37 155 52 44 146 189 34 180 4 172 82 29 89 117 55 54 12 135 124 
115668 | 147.804813 | 134 59 168 2 173 90 116 123 188 159 104 58 148 98 77 133 147 108 97 103 53 20 50 40 128 81 110 154 152 151 14 8 112 113 16 184 145 36 47 78 100 3 167 143 18 111 51 171 9 95 69 38 26 49 141 68 122 170 87 84 73 79 96 105 109 166 22 194 88 46 125 169 136 126 80 114 195 182 23 35 137 74 99 62 56 181 61 157 144 32 162 120 15 13 45 160 199 5 186 183 72 131 57 118 75 71 165 1 43 83 27 92 48 149 65 67 121 19 174 33 193 140 158 11 164 127 119 28 7 91 70 132 139 0 10 17 187 94 76 142 156 177 192 179 101 42 115 130 198 153 138 86 178 185 107 93 106 39 102 25 175 6 163 150 41 31 191 64 60 30 161 66 63 85 129 24 21 196 190 197 176 37 155 52 44 146 189 34 180 4 172 82 29 89 117 55 54 12 135 124 
119668 | 147.095810 | 134 59 168 2 173 90 116 123 188 159 104 58 148 98 77 133 147 108 97 103 53 20 50 40 128 81 110 154 152 151 14 8 112 113 16 184 145 36 47 78 100 3 167 143 18 111 51 171 9 95 69 38 26 49 141 68 122 170 87 84 73 79 96 105 109 166 22 194 88 46 125 169 136 126 80 114 195 182 23 35 137 74 99 62 56 181 61 144 157 32 162 120 15 13 45 160 199 5 186 183 72 131 57 118 75 71 165 1 43 83 27 92 48 149 65 67 121 19 174 33 193 140 158 11 164 127 119 28 7 91 70 132 139 0 10 17 187 94 76 142 156 177 192 179 101 42 115 130 198 153 138 86 178 185 107 93 106 39 102 25 175 6 163 150 41 31 191 64 60 30 161 66 63 85 129 24 21 196 190 197 176 37 155 52 44 146 189 34 180 4 172 82 29 89 117 55 54 12 135 124 
139960 | 147.086700 | 85 170 30 10 5 132 79 94 120 51 168 40 114 82 84 177 52 54 17 192 121 32 187 34 70 147 151 117 7 181 131 103 164 173 197 186 26 172 9 143 104 75 71 127 133 33 196 64 107 43 162 137 139 125 3 178 95 87 150 100 74 115 122 49 134 97 18 184 22 44 29 56 6 194 189 111 112 60 169 27 176 76 73 23 191 37 149 92 25 166 136 67 83 126 179 163 77 118 198 98 110 167 154 50 148 146 123 142 38 158 86 36 199 59 47 159 65 128 102 28 185 72 119 193 101 124 141 144 39 174 116 113 135 19 35 31 0 46 156 106 109 11 15 42 99 81 93 161 1 157 58 145 152 48 140 80 57 66 190 16 68 130 41 160 2 91 105 12 8 14 20 45 78 62 180 182 4 53 155 55 13 175 61 69 153 171 129 108 63 195 96 90 89 188 24 165 138 88 21 183 
145057 | 146.844596 | 188 27 172 192 18 59 80 93 95 74 79 159 28 31 55 173 1 72 91 82 68 124 170 140 7 26 23 6 96 57 54 46 66 136 8 99 73 177 58 13 77 139 160 10 199 2 166 94 90 128 35 33 171 174 164 42 76 108 116 38 102 83 148 163 17 44 70 147 61 109 133 3 158 137 21 22 47 142 118 69 149 39 65 84 86 183 11 190 34 49 195 175 51 141 62 106 113 9 165 37 155 179 134 115 88 111 121 198 53 30 29 126 5 4 193 131 156 43 119 127 132 92 56 89 161 197 189 157 103 104 71 52 167 0 123 162 50 129 60 15 45 117 196 67 176 19 187 64 153 101 122 143 150 181 191 97 145 12 48 168 180 114 81 138 146 41 135 144 110 105 107 87 182 16 14 75 100 25 63 40 36 98 85 152 154 186 78 120 125 24 20 112 130 169 178 185 151 184 194 32 
151513 | 146.572912 | 2 26 124 84 60 113 115 99 178 156 151 4 88 109 97 158 38 34 32 46 179 176 193 186 55 126 98 54 177 161 128 70 153 133 102 95 80 19 146 140 111 121 45 155 159 77 120 132 50 79 107 171 172 13 40 136 78 82 27 169 52 10 36 71 195 145 150 162 62 135 118 22 20 134 188 58 104 106 44 197 17 116 76 167 139 63 112 51 35 170 131 85 87 190 198 117 21 185 72 137 11 199 86 184 43 160 94 122 189 6 73 69 147 125 103 108 89 66 64 142 166 148 33 173 91 31 28 175 25 168 163 92 59 42 14 41 130 18 39 114 100 174 23 15 183 187 29 8 5 7 101 67 138 56 75 96 65 68 141 53 191 37 157 127 119 3 144 154 57 93 0 194 105 196 149 90 110 74 12 180 9 24 164 61 1 182 47 152 129 123 165 16 192 81 83 181 49 143 48 30 
153857 | 146.496931 | 188 27 172 192 18 59 80 93 95 74 79 159 28 31 55 173 1 72 91 82 124 68 170 140 7 26 23 6 96 57 54 46 66 136 8 99 73 177 58 13 77 139 160 10 199 2 166 94 90 128 33 35 171 174 164 42 76 108 116 38 102 83 148 163 17 44 70 147 61 109 133 3 158 137 21 22 47 142 118 69 149 39 65 84 86 183 11 190 34 49 195 175 51 141 62 106 113 9 165 37 155 179 134 115 88 111 121 198 53 30 29 126 5 4 193 131 156 43 119 127 132 92 56 89 161 197 189 157 103 104 71 52 167 0 123 162 50 129 60 15 45 117 196 67 176 19 187 64 153 101 122 143 150 181 191 97 145 12 48 168 180 114 81 138 146 41 135 144 110 105 107 87 182 16 14 75 100 25 63 40 36 98 85 152 154 186 78 120 125 24 20 112 130 169 178 185 151 184 194 32 
154057 | 146.454557 | 188 27 172 192 18 59 80 93 95 74 79 159 28 31 55 173 1 72 91 82 124 68 170 140 7 26 23 6 96 57 54 46 66 136 8 99 73 177 58 13 77 139 160 10 199 2 166 94 90 128 33 35 171 174 164 42 76 108 116 102 38 83 148 163 17 44 70 147 61 109 133 3 158 137 21 22 47 142 118 69 149 39 65 84 86 183 11 190 34 49 195 175 51 141 62 106 113 9 165 37 155 179 134 115 88 111 121 198 53 30 29 126 5 4 193 131 156 43 119 127 132 92 56 89 161 197 189 157 103 104 71 52 167 0 123 162 50 129 60 15 45 117 196 67 176 19 187 64 153 101 122 143 150 181 191 97 145 12 48 168 180 114 81 138 146 41 135 144 110 105 107 87 182 16 14 75 100 25 63 40 36 98 85 152 154 186 78 120 125 24 20 112 130 169 178 185 151 184 194 32 
156057 | 146.329685 | 188 27 172 192 18 59 80 93 95 74 79 159 28 31 55 173 1 72 91 82 124 68 170 140 7 26 23 6 96 57 54 46 66 136 8 99 73 177 58 13 77 139 160 10 199 2 166 94 90 128 35 33 171 174 164 42 76 108 116 102 38 83 148 163 17 44 70 147 61 109 133 3 158 137 21 22 47 142 118 69 149 39 65 84 86 183 11 190 34 49 195 175 51 141 62 106 113 9 165 37 155 179 134 115 88 111 121 198 53 30 29 126 5 4 193 131 156 43 119 127 132 92 56 89 161 197 189 157 103 104 71 52 167 0 123 162 50 129 60 15 45 117 196 67 176 19 187 64 153 101 122 143 150 181 191 97 145 12 48 168 180 114 81 138 146 41 135 144 110 105 107 87 182 16 14 75 100 25 63 40 36 98 85 152 154 186 78 120 125 24 20 112 130 169 178 185 151 184 194 32 
164657 | 144.419056 | 188 27 172 192 18 59 80 93 95 74 79 159 28 31 55 173 1 72 91 82 124 68 170 140 7 26 23 6 96 57 54 46 66 136 8 99 73 177 58 13 77 139 160 10 199 2 166 94 90 128 35 33 171 174 164 42 76 108 116 102 83 38 148 163 17 44 70 147 61 109 133 3 158 137 21 22 47 142 118 69 149 39 65 84 86 183 11 190 34 49 195 175 51 141 62 106 113 9 165 37 155 179 134 115 88 111 121 198 53 30 29 126 5 4 193 131 156 43 119 127 132 92 56 89 161 197 189 157 103 104 71 52 167 0 123 162 50 129 60 15 45 117 196 67 176 19 187 64 153 101 122 143 150 181 191 97 145 12 48 168 180 114 81 138 146 41 135 144 110 105 107 87 182 16 14 75 100 25 63 40 36 98 85 152 154 186 78 120 125 24 20 112 130 169 178 185 151 184 194 32 
190544 | 144.216007 | 119 129 64 162 169 78 58 171 3 148 150 39 45 47 41 149 141 59 120 113 18 101 108 34 198 2 28 166 132 55 195 115 103 49 181 73 15 99 90 63 14 146 9 57 138 123 92 5 16 37 51 140 143 1 4 154 109 93 94 134 42 96 135 128 121 168 196 176 35 43 124 136 75 84 177 174 33 54 117 131 91 25 7 27 193 74 71 68 0 199 22 187 52 116 85 173 66 65 76 89 40 10 6 192 184 13 24 179 122 77 11 159 50 107 20 72 80 83 183 156 142 60 56 180 189 12 172 31 32 194 67 81 61 8 167 29 153 137 144 157 158 70 127 23 178 145 48 30 126 100 155 17 105 111 46 160 139 133 102 44 79 110 53 112 95 21 62 87 188 186 170 164 147 182 26 82 130 165 19 175 152 38 86 106 104 161 36 185 190 125 118 88 163 69 151 191 114 98 97 197 
192744 | 143.371155 | 119 129 64 162 169 78 58 171 3 148 150 39 45 47 41 149 141 59 120 113 18 101 108 34 198 2 28 166 132 55 195 115 103 49 181 73 15 99 90 63 14 146 9 57 138 123 92 5 16 37 51 140 143 1 4 154 109 93 94 134 42 96 135 128 121 168 196 176 35 43 124 136 75 84 177 174 33 54 131 117 91 25 7 27 193 74 71 68 0 199 22 187 52 116 85 173 66 65 76 89 40 10 6 192 184 13 24 179 122 77 11 159 50 107 20 72 80 83 183 156 142 60 56 180 189 12 172 31 32 194 67 81 61 8 167 29 153 137 144 157 158 70 127 23 178 145 48 30 126 100 155 17 105 111 46 160 139 133 102 44 79 110 53 112 95 21 62 87 188 186 170 164 147 182 26 82 130 165 19 175 152 38 86 106 104 161 36 185 190 125 118 88 163 69 151 191 114 98 97 197 
200844 | 140.548845 | 119 129 64 162 169 78 58 171 3 148 150 39 45 47 41 149 141 59 120 113 18 101 108 34 198 2 28 166 132 55 195 115 103 49 181 15 73 99 90 63 14 146 9 57 138 123 92 5 16 37 51 140 143 1 4 154 109 93 94 134 42 96 135 128 121 168 196 176 35 43 124 136 75 84 177 174 33 54 131 117 91 25 7 27 193 74 71 68 0 199 22 187 52 116 85 173 66 65 76 89 40 10 6 192 184 13 24 179 122 77 11 159 50 107 20 72 80 83 183 156 142 60 56 180 189 12 172 31 32 194 67 81 61 8 167 29 153 137 144 157 158 70 127 23 178 145 48 30 126 100 155 17 105 111 46 160 139 133 102 44 79 110 53 112 95 21 62 87 188 186 170 164 147 182 26 82 130 165 19 175 152 38 86 106 104 161 36 185 190 125 118 88 163 69 151 191 114 98 97 197 
234844 | 140.533738 | 119 129 64 162 169 78 58 171 3 148 150 39 45 47 41 149 141 59 120 113 18 101 108 34 198 2 28 166 132 55 195 115 103 49 181 15 73 99 90 63 14 146 9 57 138 123 92 5 16 37 51 140 143 1 4 154 109 93 94 134 42 135 96 128 121 168 196 176 35 43 124 136 75 84 177 174 33 54 131 117 91 25 7 27 193 74 71 68 199 0 22 187 52 116 85 173 66 65 76 89 40 10 6 192 184 13 24 179 122 77 11 159 50 107 20 72 80 83 183 156 142 60 56 180 189 12 172 31 32 194 67 81 61 8 167 29 153 137 144 157 158 70 127 23 178 145 48 30 126 100 155 17 105 111 46 160 139 133 102 44 79 110 53 112 95 21 62 87 188 186 170 164 147 182 26 82 130 165 19 175 152 38 86 106 104 161 36 185 190 125 118 88 163 69 151 191 114 98 97 197 
237544 | 140.471720 | 119 129 64 162 169 78 58 171 3 148 150 39 45 47 41 149 141 59 120 113 18 101 108 34 198 2 28 166 132 55 195 115 103 49 181 15 73 99 90 63 14 146 9 57 138 123 92 5 16 37 51 140 143 1 4 154 109 93 94 134 42 135 96 128 121 168 196 176 35 43 124 136 75 84 177 174 33 54 131 117 91 25 7 27 193 74 71 68 199 0 22 187 52 116 85 173 65 66 76 89 40 10 6 192 184 13 24 179 122 77 11 159 50 107 20 72 80 83 183 156 142 60 56 180 189 12 172 31 32 194 67 81 61 8 167 29 153 137 144 157 158 70 127 23 178 145 48 30 126 100 155 17 105 111 46 160 139 133 102 44 79 110 53 112 95 21 62 87 188 186 170 164 147 182 26 82 130 165 19 175 152 38 86 106 104 161 36 185 190 125 118 88 163 69 151 191 114 98 97 197 
242044 | 140.224637 | 119 129 64 162 169 78 58 171 3 148 150 39 45 47 41 149 141 59 120 113 18 101 108 34 198 2 28 166 132 195 55 115 103 49 181 15 73 99 90 63 14 146 9 57 138 123 92 5 16 37 51 140 143 1 4 154 109 93 94 134 42 135 96 128 121 168 196 176 35 43 124 136 75 84 177 174 33 54 131 117 91 25 7 27 193 74 71 68 0 199 22 187 52 116 85 173 65 66 76 89 40 10 6 192 184 13 24 179 122 77 11 159 50 107 20 72 80 83 183 156 142 60 56 180 189 12 172 31 32 194 67 81 61 8 167 29 153 137 144 157 158 70 127 23 178 145 48 30 126 100 155 17 105 111 46 160 139 133 102 44 79 110 53 112 95 21 62 87 188 186 170 164 147 182 26 82 130 165 19 175 152 38 86 106 104 161 36 185 190 125 118 88 163 69 151 191 114 98 97 197 
246944 | 140.014406 | 119 129 64 162 169 78 58 171 3 148 150 39 45 47 41 149 141 59 120 113 18 101 108 34 198 2 28 166 132 55 195 115 103 49 181 15 73 99 90 63 14 146 9 57 138 123 92 5 16 37 51 140 143 1 4 154 109 93 94 134 42 135 96 128 121 168 196 176 35 43 124 136 75 84 177 174 33 54 131 117 91 25 7 27 193 74 71 68 0 199 22 187 52 116 85 173 65 66 76 89 40 10 6 192 184 13 24 179 122 77 11 159 50 107 20 72 80 83 183 156 142 60 56 180 189 12 172 31 32 194 67 81 61 8 167 29 153 137 144 157 158 70 127 23 178 145 48 30 126 100 155 17 105 111 46 160 139 133 102 44 79 110 53 112 95 21 62 87 188 186 170 164 147 182 26 82 130 165 19 175 152 38 86 106 104 161 36 185 190 125 118 88 163 69 151 191 114 98 97 197 
258044 | 139.967846 | 119 129 64 162 169 78 58 171 3 148 150 39 45 47 41 149 141 59 120 113 18 101 108 34 198 2 28 166 132 55 195 115 103 49 181 15 73 99 90 63 14 146 9 57 138 123 92 5 16 37 51 140 143 1 4 154 109 93 94 134 42 135 96 128 121 168 196 176 35 43 124 136 75 84 177 174 33 54 131 117 91 25 7 27 193 74 71 68 0 199 22 187 52 116 85 173 65 66 76 89 40 10 6 192 184 13 24 179 122 77 11 159 50 107 20 72 80 83 183 156 142 60 56 180 189 12 172 31 32 194 67 81 61 8 167 29 153 144 137 157 158 70 127 23 178 145 48 30 126 100 155 17 105 111 46 160 139 133 102 44 79 110 53 112 95 21 62 87 188 186 170 164 147 182 26 82 130 165 19 175 152 38 86 106 104 161 36 185 190 125 118 88 163 69 151 191 114 98 97 197 
294244 | 139.953242 | 119 129 64 162 169 78 58 171 3 148 150 39 45 47 41 149 141 59 120 113 18 101 108 34 198 2 28 166 132 55 195 115 103 49 181 15 73 99 90 63 14 146 9 57 138 123 92 5 16 37 51 140 143 1 4 154 109 93 94 134 42 135 96 128 121 168 196 176 35 43 124 136 75 84 177 174 33 54 131 117 91 25 7 27 193 74 71 68 0 199 22 187 52 116 85 173 65 66 76 89 40 10 6 192 184 13 24 179 122 77 11 159 50 107 20 72 80 83 183 156 60 142 56 180 189 12 172 31 32 194 67 81 61 8 167 29 153 144 137 157 158 70 127 23 178 145 48 30 126 100 155 17 105 111 46 160 139 133 102 44 79 110 53 112 95 21 62 87 188 186 170 164 147 182 26 82 130 165 19 175 152 38 86 106 104 161 36 185 190 125 118 88 163 69 151 191 114 98 97 197 
