DataSet:	circ200
RunTime:	2022-6-23 19:41:16
Method:	RMHC
Params:	P:100 E:25000
DataPath:	./resources/datasets/circ200.txt

################################################################################

1 | 180.915447 | 154 122 16 121 64 151 130 120 115 138 92 188 190 69 184 3 72 155 35 78 81 0 172 10 11 177 79 191 129 166 1 12 39 179 135 26 89 38 55 15 195 103 46 152 77 2 70 37 96 134 13 176 131 86 101 125 128 28 116 57 181 148 137 91 59 160 150 56 173 186 108 63 90 107 87 126 170 198 147 71 20 68 73 100 149 18 189 124 118 196 27 82 180 159 182 21 98 163 61 197 145 117 85 132 114 192 22 143 23 109 95 29 75 167 4 171 6 105 156 14 65 58 127 158 153 141 97 112 194 51 43 62 32 164 53 49 36 123 45 66 74 185 113 111 193 7 157 136 183 47 104 80 40 199 99 106 8 9 178 133 30 110 25 5 60 144 34 44 83 174 187 161 169 41 33 119 52 67 84 42 76 139 168 102 94 93 24 165 140 19 146 50 54 31 88 162 48 17 142 175 
12 | 179.360858 | 70 112 25 101 178 130 22 179 88 120 36 159 194 11 198 63 66 43 192 103 78 56 12 128 44 185 45 0 114 46 162 146 108 85 186 54 121 93 190 158 161 123 41 76 151 75 115 169 38 40 116 181 47 135 50 127 28 188 67 51 150 34 79 157 166 134 59 62 17 10 48 133 27 87 74 180 117 8 136 61 142 199 39 55 68 52 69 6 1 35 83 137 77 96 125 64 73 122 195 139 149 148 24 191 13 15 168 21 165 160 4 172 174 189 140 187 33 175 113 37 2 167 49 141 58 20 82 92 32 184 106 119 126 138 131 129 91 196 19 143 16 197 183 89 90 18 111 177 99 42 94 102 57 144 81 71 26 171 65 163 164 29 155 193 3 153 9 95 100 154 7 84 156 173 152 118 170 110 182 60 98 23 31 86 97 176 80 14 147 30 107 132 104 72 109 5 124 145 105 53 
22 | 173.757362 | 44 82 168 41 163 195 28 43 186 160 132 185 170 102 47 21 106 113 165 125 85 115 153 114 143 127 78 17 129 84 167 194 50 110 60 95 107 88 70 116 86 148 173 99 197 109 104 100 67 35 49 162 145 175 11 101 120 75 0 193 26 54 56 98 139 108 174 51 166 12 179 182 39 178 147 126 30 122 80 123 103 4 33 96 61 118 9 72 198 189 79 91 83 150 180 124 157 133 196 10 69 25 57 90 20 161 105 181 146 48 81 140 97 156 63 59 93 151 31 112 117 22 159 14 152 149 134 2 19 23 68 27 192 138 144 158 176 142 169 191 64 184 94 121 8 52 65 128 130 119 188 6 3 32 38 74 5 29 199 7 34 164 16 36 73 71 24 172 187 92 171 18 155 190 40 53 42 55 137 1 89 58 135 177 15 45 76 66 13 37 111 77 154 131 87 46 136 183 141 62 
32 | 173.240377 | 125 194 88 198 132 55 21 193 105 78 176 72 80 102 65 2 75 53 1 81 173 48 93 109 156 38 100 64 31 51 46 69 135 79 161 170 187 148 166 87 146 27 50 127 47 25 120 62 167 133 115 117 101 136 137 131 152 174 0 114 20 28 13 129 24 17 77 23 179 121 178 149 67 5 124 126 61 63 140 142 36 197 122 96 113 42 164 54 9 12 45 128 95 41 59 73 134 130 199 182 177 22 58 162 186 119 185 165 145 106 18 15 158 37 10 7 144 98 4 6 188 147 107 92 183 34 108 116 151 71 184 32 112 89 43 74 138 169 154 141 11 60 190 39 189 66 84 123 111 192 3 171 180 118 8 14 104 150 52 19 33 191 29 91 57 175 82 99 40 159 90 85 30 196 49 16 143 94 35 68 76 110 97 70 86 163 26 172 56 44 181 153 160 155 103 83 139 168 157 195 
39 | 172.883091 | 106 47 148 166 147 177 49 18 50 127 8 123 83 19 79 111 82 77 174 130 72 84 172 100 36 117 98 137 32 181 37 141 51 97 107 67 81 185 168 55 189 165 162 180 153 89 13 25 196 96 109 62 115 113 43 149 45 29 198 70 61 183 152 176 140 33 99 121 88 42 28 65 139 156 22 170 112 16 5 53 164 6 93 159 38 167 192 122 136 35 63 69 118 154 157 171 17 155 116 85 23 26 7 124 105 20 41 76 142 27 34 58 30 75 125 86 179 143 74 39 138 80 3 90 163 14 178 190 64 134 161 21 173 11 0 94 2 175 169 91 110 44 54 194 56 187 197 191 132 150 59 193 103 78 9 4 195 133 46 135 151 57 144 184 186 114 68 71 131 73 101 120 188 129 10 119 102 126 104 128 158 31 12 108 24 182 52 87 48 199 92 145 1 95 160 40 146 66 15 60 
44 | 169.951661 | 2 77 124 50 171 31 148 30 134 61 18 81 191 9 49 161 32 3 27 182 199 39 58 7 141 10 17 70 78 63 83 65 112 107 152 6 118 90 142 73 125 95 158 126 168 172 147 178 13 23 67 153 188 82 69 56 93 114 1 35 4 149 21 46 37 104 160 166 183 87 133 55 140 138 103 40 60 25 119 194 143 116 137 36 33 193 196 96 170 19 198 130 11 99 174 38 89 110 98 72 5 34 26 64 129 128 106 190 186 12 144 122 92 51 154 177 165 0 15 181 48 135 57 29 151 102 20 146 157 145 91 86 14 173 80 84 44 187 8 94 139 24 150 120 184 131 163 113 41 109 85 97 136 111 123 108 132 195 176 175 105 43 62 164 185 121 179 155 88 100 54 101 53 79 71 117 189 47 192 197 115 180 75 68 156 74 59 66 16 22 159 76 127 169 42 28 167 52 45 162 
194 | 168.169184 | 179 25 129 182 159 160 1 167 74 55 136 140 139 53 189 123 65 82 111 169 101 52 116 195 23 156 96 87 41 24 20 196 44 100 102 64 80 155 18 43 127 69 170 95 70 8 125 97 59 118 119 98 173 115 19 14 40 122 60 28 105 151 184 93 91 104 108 86 72 12 85 157 71 177 188 11 178 133 47 150 49 63 58 35 148 0 117 107 4 124 168 37 39 16 144 138 162 112 89 194 61 163 73 68 131 5 110 79 57 199 81 126 132 128 48 84 88 187 171 56 145 31 29 174 21 141 180 152 130 134 154 185 6 34 45 15 30 114 92 113 50 142 146 77 33 137 2 121 27 17 198 42 190 192 83 13 32 51 54 67 75 181 186 46 66 76 3 9 94 176 10 149 90 147 120 109 172 135 161 36 62 38 153 78 164 191 22 183 26 158 103 7 197 143 106 166 99 193 175 165 
294 | 167.094832 | 179 25 129 182 159 160 1 167 74 55 136 140 139 170 189 123 65 82 111 169 101 52 116 195 23 156 96 87 41 24 20 196 44 100 102 64 80 155 18 43 127 69 53 95 70 8 125 97 59 118 119 98 173 115 19 14 40 122 60 28 105 151 184 93 91 104 108 86 72 12 85 157 71 177 188 11 178 133 47 150 49 63 58 35 148 0 117 107 4 124 168 37 39 16 144 138 162 112 89 194 61 163 73 68 131 5 110 79 57 199 81 126 132 128 48 84 88 187 171 56 145 31 29 174 21 141 180 152 130 134 154 185 6 34 45 15 30 114 92 113 50 142 146 77 33 137 2 121 27 17 198 42 190 192 83 13 32 51 54 67 75 181 186 46 66 76 3 9 94 176 10 149 90 147 120 109 172 135 161 36 62 38 153 78 164 191 22 183 26 158 103 7 197 143 106 166 99 193 175 165 
794 | 165.900748 | 179 25 129 182 159 160 1 167 74 55 136 140 139 170 189 123 65 82 111 169 101 52 116 195 23 156 96 87 41 24 20 196 44 100 102 64 80 155 18 4 127 69 53 95 70 8 125 97 59 118 119 98 173 115 19 14 40 122 60 28 105 151 184 93 91 104 108 86 72 12 85 157 71 177 188 11 178 133 47 150 49 63 58 35 148 0 117 107 43 124 168 37 39 16 144 138 162 112 89 194 61 163 73 68 131 5 110 79 57 199 81 126 132 128 48 84 88 187 171 56 145 31 29 174 21 141 180 152 130 134 154 185 6 34 45 15 30 114 92 113 50 142 146 77 33 137 2 121 27 17 198 42 190 192 83 13 32 51 54 67 75 181 186 46 66 76 3 9 94 176 10 149 90 147 120 109 172 135 161 36 62 38 153 78 164 191 22 183 26 158 103 7 197 143 106 166 99 193 175 165 
894 | 164.564069 | 179 25 129 182 159 160 1 167 74 55 136 140 139 170 189 123 65 82 111 169 101 52 116 195 23 156 96 87 41 24 20 196 44 100 102 64 80 155 18 4 127 69 53 95 70 8 125 97 59 118 119 98 173 115 19 14 40 122 60 28 105 151 184 93 91 104 108 86 72 12 85 157 71 177 188 11 178 133 47 150 49 63 58 35 148 0 117 107 43 124 168 37 39 16 144 138 162 112 89 194 61 163 73 68 131 5 48 79 57 199 81 126 132 128 110 84 88 187 171 56 145 31 29 174 21 141 180 152 130 134 154 185 6 34 45 15 30 114 92 113 50 142 146 77 33 137 2 121 27 17 198 42 190 192 83 13 32 51 54 67 75 181 186 46 66 76 3 9 94 176 10 149 90 147 120 109 172 135 161 36 62 38 153 78 164 191 22 183 26 158 103 7 197 143 106 166 99 193 175 165 
994 | 163.748202 | 179 25 129 182 159 160 1 167 74 55 136 140 139 170 189 123 65 82 111 169 101 52 116 195 23 156 96 87 41 24 20 196 44 100 102 64 80 155 18 4 127 69 53 95 70 8 125 97 59 118 119 98 173 115 19 14 40 122 60 28 105 107 184 93 91 104 108 86 72 12 85 157 71 177 188 11 178 133 47 150 49 63 58 35 148 0 117 151 43 124 168 37 39 16 144 138 162 112 89 194 61 163 73 68 131 5 48 79 57 199 81 126 132 128 110 84 88 187 171 56 145 31 29 174 21 141 180 152 130 134 154 185 6 34 45 15 30 114 92 113 50 142 146 77 33 137 2 121 27 17 198 42 190 192 83 13 32 51 54 67 75 181 186 46 66 76 3 9 94 176 10 149 90 147 120 109 172 135 161 36 62 38 153 78 164 191 22 183 26 158 103 7 197 143 106 166 99 193 175 165 
1094 | 162.351976 | 179 25 129 182 159 160 1 167 74 55 136 140 139 170 189 123 65 82 111 169 101 52 116 195 23 156 96 87 41 24 20 196 44 100 102 64 80 155 18 4 127 69 53 28 70 8 125 97 59 118 119 98 173 115 19 14 40 122 60 95 105 107 184 93 91 104 108 86 72 12 85 157 71 177 188 11 178 133 47 150 49 63 58 35 148 0 117 151 43 124 168 37 39 16 144 138 162 112 89 194 61 163 73 68 131 5 48 79 57 199 81 126 132 128 110 84 88 187 171 56 145 31 29 174 21 141 180 152 130 134 154 185 6 34 45 15 30 114 92 113 50 142 146 77 33 137 2 121 27 17 198 42 190 192 83 13 32 51 54 67 75 181 186 46 66 76 3 9 94 176 10 149 90 147 120 109 172 135 161 36 62 38 153 78 164 191 22 183 26 158 103 7 197 143 106 166 99 193 175 165 
1294 | 158.771724 | 179 25 129 182 159 160 1 167 74 55 136 140 139 170 189 123 65 82 111 169 101 52 116 195 23 156 96 87 41 24 20 196 44 100 102 64 80 155 18 4 127 69 53 121 70 8 125 97 59 118 119 98 173 115 19 14 40 122 60 95 105 107 184 93 91 104 108 86 72 12 85 157 71 177 188 11 178 133 47 150 49 63 58 35 148 0 117 151 43 124 168 37 39 16 144 138 162 112 89 194 61 163 73 68 131 5 48 79 57 199 81 126 132 128 110 84 88 187 171 56 145 31 29 174 21 141 180 152 130 134 154 185 6 34 45 15 30 114 92 113 50 142 146 77 33 137 2 28 27 17 198 42 190 192 83 13 32 51 54 67 75 181 186 46 66 76 3 9 94 176 10 149 90 147 120 109 172 135 161 36 62 38 153 78 164 191 22 183 26 158 103 7 197 143 106 166 99 193 175 165 
1394 | 154.008977 | 179 25 129 182 159 160 1 167 74 55 136 140 139 170 189 123 65 82 111 169 101 52 116 195 23 156 96 87 41 24 20 196 44 100 102 64 80 155 18 4 127 69 53 121 70 8 125 97 59 118 119 98 173 115 19 14 40 122 60 95 105 107 184 93 91 104 108 86 72 12 85 157 71 177 188 11 178 133 47 150 49 63 58 35 148 0 117 151 43 124 168 37 39 16 144 138 162 112 89 103 61 163 73 68 131 5 48 79 57 199 81 126 132 128 110 84 88 187 171 56 145 31 29 174 21 141 180 152 130 134 154 185 6 34 45 15 30 114 92 113 50 142 146 77 33 137 2 28 27 17 198 42 190 192 83 13 32 51 54 67 75 181 186 46 66 76 3 9 94 176 10 149 90 147 120 109 172 135 161 36 62 38 153 78 164 191 22 183 26 158 194 7 197 143 106 166 99 193 175 165 
1594 | 153.808282 | 179 25 129 182 159 160 1 167 74 55 136 140 139 170 189 123 65 82 111 169 101 52 116 195 23 156 96 87 41 24 20 196 44 100 102 64 80 155 18 4 127 69 53 121 70 8 125 97 59 118 119 98 173 115 19 14 81 122 60 95 105 107 184 93 91 104 108 86 72 12 85 157 71 177 188 11 178 133 47 150 49 63 58 35 148 0 117 151 43 124 168 37 39 16 144 138 162 112 89 103 61 163 73 68 131 5 48 79 57 199 40 126 132 128 110 84 88 187 171 56 145 31 29 174 21 141 180 152 130 134 154 185 6 34 45 15 30 114 92 113 50 142 146 77 33 137 2 28 27 17 198 42 190 192 83 13 32 51 54 67 75 181 186 46 66 76 3 9 94 176 10 149 90 147 120 109 172 135 161 36 62 38 153 78 164 191 22 183 26 158 194 7 197 143 106 166 99 193 175 165 
1694 | 152.184391 | 179 25 129 182 159 160 1 167 74 55 136 140 172 170 189 123 65 82 111 169 101 52 116 195 23 156 96 87 41 24 20 196 44 100 102 64 80 155 18 4 127 69 53 121 70 8 125 97 59 118 119 98 173 115 19 14 81 122 60 95 105 107 184 93 91 104 108 86 72 12 85 157 71 177 188 11 178 133 47 150 49 63 58 35 148 0 117 151 43 124 168 37 39 16 144 138 162 112 89 103 61 163 73 68 131 5 48 79 57 199 40 126 132 128 110 84 88 187 171 56 145 31 29 174 21 141 180 152 130 134 154 185 6 34 45 15 30 114 92 113 50 142 146 77 33 137 2 28 27 17 198 42 190 192 83 13 32 51 54 67 75 181 186 46 66 76 3 9 94 176 10 149 90 147 120 109 139 135 161 36 62 38 153 78 164 191 22 183 26 158 194 7 197 143 106 166 99 193 175 165 
1994 | 150.431821 | 179 25 129 149 159 160 1 167 74 55 136 140 172 170 189 123 65 82 111 169 101 52 116 195 23 156 96 87 41 24 20 196 44 100 102 64 80 155 18 4 127 69 53 121 70 8 125 97 59 118 119 98 173 115 19 14 81 122 60 95 105 107 184 93 91 104 108 86 72 12 85 157 71 177 188 11 178 133 47 150 49 63 58 35 148 0 117 151 43 124 168 37 39 16 144 138 162 112 89 103 61 163 73 68 131 5 48 79 57 199 40 126 132 128 110 84 88 187 171 56 145 31 29 174 21 141 180 152 130 134 154 185 6 34 45 15 30 114 92 113 50 142 146 77 33 137 2 28 27 17 198 42 190 192 83 13 32 51 54 67 75 181 186 46 66 76 3 9 94 176 10 182 90 147 120 109 139 135 161 36 62 38 153 78 164 191 22 183 26 158 194 7 197 143 106 166 99 193 175 165 
2094 | 146.568194 | 179 25 129 149 159 160 1 167 74 55 136 140 172 170 189 123 65 82 111 169 101 52 116 195 23 156 96 87 41 24 20 196 44 100 102 64 80 155 18 4 127 69 53 121 70 8 125 97 59 118 119 98 173 115 19 14 81 122 60 95 105 107 71 93 91 104 108 86 72 12 85 157 184 177 188 11 178 133 47 150 49 63 58 35 148 0 117 151 43 124 168 37 39 16 144 138 162 112 89 103 61 163 73 68 131 5 48 79 57 199 40 126 132 128 110 84 88 187 171 56 145 31 29 174 21 141 180 152 130 134 154 185 6 34 45 15 30 114 92 113 50 142 146 77 33 137 2 28 27 17 198 42 190 192 83 13 32 51 54 67 75 181 186 46 66 76 3 9 94 176 10 182 90 147 120 109 139 135 161 36 62 38 153 78 164 191 22 183 26 158 194 7 197 143 106 166 99 193 175 165 
2594 | 146.481005 | 179 25 129 149 159 160 1 167 74 55 136 140 172 170 189 123 65 82 111 169 101 52 116 195 23 156 96 87 41 24 20 196 44 100 102 64 80 155 18 4 127 69 53 121 70 8 125 97 59 118 119 98 173 115 19 14 81 122 60 95 105 107 71 93 91 104 108 86 72 12 85 157 184 177 188 11 178 133 47 150 49 63 58 35 148 0 117 66 43 124 168 37 39 16 144 138 162 112 89 103 61 163 73 68 131 5 48 79 57 199 40 126 132 128 110 84 88 187 171 56 145 31 29 174 21 141 180 152 130 134 154 185 6 34 45 15 30 114 92 113 50 142 146 77 33 137 2 28 27 17 198 42 190 192 83 13 32 51 54 67 75 181 186 46 151 76 3 9 94 176 10 182 90 147 120 109 139 135 161 36 62 38 153 78 164 191 22 183 26 158 194 7 197 143 106 166 99 193 175 165 
3294 | 146.350045 | 179 25 129 134 159 160 1 167 74 55 136 140 172 170 189 123 65 82 111 169 101 52 116 195 23 156 96 87 41 24 20 196 44 100 102 64 80 155 18 4 127 69 53 121 70 8 125 97 59 118 119 98 173 115 19 14 81 122 60 95 105 107 71 93 91 104 108 86 72 12 85 157 184 177 188 11 178 133 47 150 49 63 58 35 148 0 117 66 43 124 168 37 39 16 144 138 162 112 89 103 61 163 73 68 131 5 48 79 57 199 40 126 132 128 110 84 88 187 171 56 145 31 29 174 21 141 180 152 130 149 154 185 6 34 45 15 30 114 92 113 50 142 146 77 33 137 2 28 27 17 198 42 190 192 83 13 32 51 54 67 75 181 186 46 151 76 3 9 94 176 10 182 90 147 120 109 139 135 161 36 62 38 153 78 164 191 22 183 26 158 194 7 197 143 106 166 99 193 175 165 
3494 | 146.222265 | 179 25 129 134 159 160 1 167 74 55 136 140 172 170 189 123 65 82 111 169 113 52 116 195 23 156 96 87 41 24 20 196 44 100 102 64 80 155 18 4 127 69 53 121 70 8 125 97 59 118 119 98 173 115 19 14 81 122 60 95 105 107 71 93 91 104 108 86 72 12 85 157 184 177 188 11 178 133 47 150 49 63 58 35 148 0 117 66 43 124 168 37 39 16 144 138 162 112 89 103 61 163 73 68 131 5 48 79 57 199 40 126 132 128 110 84 88 187 171 56 145 31 29 174 21 141 180 152 130 149 154 185 6 34 45 15 30 114 92 101 50 142 146 77 33 137 2 28 27 17 198 42 190 192 83 13 32 51 54 67 75 181 186 46 151 76 3 9 94 176 10 182 90 147 120 109 139 135 161 36 62 38 153 78 164 191 22 183 26 158 194 7 197 143 106 166 99 193 175 165 
3894 | 146.002213 | 179 25 129 134 159 160 1 167 74 55 136 140 172 170 189 123 65 82 111 169 113 52 116 195 23 156 96 87 41 24 186 196 44 100 102 64 80 155 18 4 127 69 53 121 70 8 125 97 59 118 119 98 173 115 19 14 81 122 60 95 105 107 71 93 91 104 108 86 72 12 85 157 184 177 188 11 178 133 47 150 49 63 58 35 148 0 117 66 43 124 168 37 39 16 144 138 162 112 89 103 61 163 73 68 131 5 48 79 57 199 40 126 132 128 110 84 88 187 171 56 145 31 29 174 21 141 180 152 130 149 154 185 6 34 45 15 30 114 92 101 50 142 146 77 33 137 2 28 27 17 198 42 190 192 83 13 32 51 54 67 75 181 20 46 151 76 3 9 94 176 10 182 90 147 120 109 139 135 161 36 62 38 153 78 164 191 22 183 26 158 194 7 197 143 106 166 99 193 175 165 
4394 | 145.998952 | 179 25 129 134 159 160 1 167 74 55 136 140 172 170 189 123 65 82 111 169 113 52 116 195 23 156 96 87 41 24 186 196 44 100 102 64 80 155 18 4 127 69 53 121 70 8 125 97 59 118 119 98 173 115 19 14 81 122 60 95 105 107 71 93 91 104 108 86 72 12 85 157 184 177 188 11 178 133 47 150 49 63 58 35 148 0 117 66 43 124 168 37 39 16 144 138 162 112 89 103 61 163 73 68 131 5 48 79 57 199 40 126 132 128 110 84 88 187 171 56 145 31 29 174 21 141 180 152 130 149 154 185 6 34 45 15 30 114 92 101 50 142 146 77 33 137 2 28 27 17 198 42 190 192 83 13 32 51 54 67 75 181 20 46 151 76 3 9 94 176 10 182 109 147 120 90 139 135 161 36 62 38 153 78 164 191 22 183 26 158 194 7 197 143 106 166 99 193 175 165 
4594 | 145.895412 | 179 25 129 134 159 160 1 167 74 55 136 140 172 170 189 123 65 82 111 169 113 52 116 195 23 156 96 87 41 24 186 9 44 100 102 64 80 155 18 4 127 69 53 121 70 8 125 97 59 118 119 98 173 115 19 14 81 122 60 95 105 107 71 93 91 104 108 86 72 12 85 157 184 177 188 11 178 133 47 150 49 63 58 35 148 0 117 66 43 124 168 37 39 16 144 138 162 112 89 103 61 163 73 68 131 5 48 79 57 199 40 126 132 128 110 84 88 187 171 56 145 31 29 174 21 141 180 152 130 149 154 185 6 34 45 15 30 114 92 101 50 142 146 77 33 137 2 28 27 17 198 42 190 192 83 13 32 51 54 67 75 181 20 46 151 76 3 196 94 176 10 182 109 147 120 90 139 135 161 36 62 38 153 78 164 191 22 183 26 158 194 7 197 143 106 166 99 193 175 165 
4694 | 144.531018 | 179 25 129 134 159 160 1 167 74 55 136 140 172 170 189 123 65 82 111 138 113 52 116 195 23 156 96 87 41 24 186 9 44 100 102 64 80 155 18 4 127 69 53 121 70 8 125 97 59 118 119 98 173 115 19 14 81 122 60 95 105 107 71 93 91 104 108 86 72 12 85 157 184 177 188 11 178 133 47 150 49 63 58 35 148 0 117 66 43 124 168 37 39 16 144 169 162 112 89 103 61 163 73 68 131 5 48 79 57 199 40 126 132 128 110 84 88 187 171 56 145 31 29 174 21 141 180 152 130 149 154 185 6 34 45 15 30 114 92 101 50 142 146 77 33 137 2 28 27 17 198 42 190 192 83 13 32 51 54 67 75 181 20 46 151 76 3 196 94 176 10 182 109 147 120 90 139 135 161 36 62 38 153 78 164 191 22 183 26 158 194 7 197 143 106 166 99 193 175 165 
4794 | 144.418348 | 179 25 129 134 159 160 1 167 74 55 136 140 172 170 189 123 65 82 111 138 113 52 116 195 23 156 96 87 41 24 186 9 44 100 102 64 80 155 18 4 127 69 53 121 70 8 125 97 59 118 119 98 173 115 19 14 81 122 60 95 105 107 71 93 91 104 108 86 72 12 198 157 184 177 188 11 178 133 47 150 49 63 58 35 148 0 117 66 43 124 168 37 39 16 144 169 162 112 89 103 61 163 73 68 131 5 48 79 57 199 40 126 132 128 110 84 88 187 171 56 145 31 29 174 21 141 180 152 130 149 154 185 6 34 45 15 30 114 92 101 50 142 146 77 33 137 2 28 27 17 85 42 190 192 83 13 32 51 54 67 75 181 20 46 151 76 3 196 94 176 10 182 109 147 120 90 139 135 161 36 62 38 153 78 164 191 22 183 26 158 194 7 197 143 106 166 99 193 175 165 
5294 | 143.984781 | 179 25 129 134 159 160 1 167 74 55 136 140 172 170 189 123 65 82 111 138 113 52 116 195 23 156 96 87 41 24 186 9 197 100 102 64 80 155 18 4 127 69 53 121 70 8 125 97 59 118 119 98 173 115 19 14 81 122 60 95 105 107 71 93 91 104 108 86 72 12 198 157 184 177 188 11 178 133 47 150 49 63 58 35 148 0 117 66 43 124 168 37 39 16 144 169 162 112 89 103 61 163 73 68 131 5 48 79 57 199 40 126 132 128 110 84 88 187 171 56 145 31 29 174 21 141 180 152 130 149 154 185 6 34 45 15 30 114 92 101 50 142 146 77 33 137 2 28 27 17 85 42 190 192 83 13 32 51 54 67 75 181 20 46 151 76 3 196 94 176 10 182 109 147 120 90 139 135 161 36 62 38 153 78 164 191 22 183 26 158 194 7 44 143 106 166 99 193 175 165 
5394 | 143.751405 | 179 25 129 123 159 160 1 167 74 55 136 140 172 170 189 134 65 82 111 138 113 52 116 195 23 156 96 87 41 24 186 9 197 100 102 64 80 155 18 4 127 69 53 121 70 8 125 97 59 118 119 98 173 115 19 14 81 122 60 95 105 107 71 93 91 104 108 86 72 12 198 157 184 177 188 11 178 133 47 150 49 63 58 35 148 0 117 66 43 124 168 37 39 16 144 169 162 112 89 103 61 163 73 68 131 5 48 79 57 199 40 126 132 128 110 84 88 187 171 56 145 31 29 174 21 141 180 152 130 149 154 185 6 34 45 15 30 114 92 101 50 142 146 77 33 137 2 28 27 17 85 42 190 192 83 13 32 51 54 67 75 181 20 46 151 76 3 196 94 176 10 182 109 147 120 90 139 135 161 36 62 38 153 78 164 191 22 183 26 158 194 7 44 143 106 166 99 193 175 165 
5594 | 143.109897 | 179 25 129 123 159 160 1 167 74 55 136 140 172 170 189 134 65 82 111 138 113 52 116 195 23 156 96 87 41 24 186 9 197 100 102 64 80 155 18 4 127 69 53 121 70 8 125 97 59 118 119 98 173 115 19 14 81 122 60 95 105 107 71 93 91 104 108 86 72 12 198 157 184 177 188 11 178 133 47 150 49 63 58 35 148 0 117 66 43 124 168 37 39 16 144 169 162 112 89 103 61 163 73 68 131 5 48 79 57 199 40 126 132 128 110 84 88 187 171 56 145 31 29 174 21 141 180 152 130 149 154 185 6 34 45 15 30 114 92 101 50 142 146 77 33 137 2 28 27 17 85 42 190 192 83 13 32 51 54 67 75 181 20 46 151 76 3 196 94 176 10 182 109 147 120 90 139 135 161 36 62 38 153 78 193 191 22 183 26 158 194 7 44 143 106 166 99 164 175 165 
5794 | 142.644358 | 179 25 129 123 159 160 1 167 74 55 136 140 172 170 189 134 65 82 111 138 113 52 116 195 23 156 96 87 41 24 186 9 197 100 102 64 80 155 18 4 127 69 53 0 70 8 125 97 59 118 119 98 173 115 19 14 81 122 60 95 105 107 71 93 91 104 108 86 72 12 198 157 184 177 188 11 178 133 47 150 49 63 58 35 148 121 117 66 43 124 168 37 39 16 144 169 162 112 89 103 61 163 73 68 131 5 48 79 57 199 40 126 132 128 110 84 88 187 171 56 145 31 29 174 21 141 180 152 130 149 154 185 6 34 45 15 30 114 92 101 50 142 146 77 33 137 2 28 27 17 85 42 190 192 83 13 32 51 54 67 75 181 20 46 151 76 3 196 94 176 10 182 109 147 120 90 139 135 161 36 62 38 153 78 193 191 22 183 26 158 194 7 44 143 106 166 99 164 175 165 
5994 | 142.168193 | 179 25 129 123 159 160 1 167 74 55 136 140 172 170 189 134 65 82 111 138 113 52 116 195 23 156 96 87 41 24 186 9 197 100 102 64 80 155 18 4 127 69 53 0 70 8 125 97 59 118 119 98 173 115 19 14 81 122 60 95 105 107 71 93 91 104 108 86 72 12 198 157 184 177 188 11 178 133 47 150 49 63 58 35 148 121 117 66 43 124 168 37 39 16 144 169 162 112 89 103 61 163 73 68 131 5 48 79 57 199 40 126 132 128 110 84 88 187 171 56 145 31 29 174 21 141 180 152 130 149 154 185 6 34 45 15 30 114 92 101 50 142 146 181 33 137 2 28 27 17 85 42 190 192 83 13 32 51 54 67 75 77 20 46 151 76 3 196 94 176 10 182 109 147 120 90 139 135 161 36 62 38 153 78 193 191 22 183 26 158 194 7 44 143 106 166 99 164 175 165 
6194 | 141.541736 | 179 25 129 123 159 160 1 167 74 55 136 140 172 170 189 134 65 82 111 138 113 52 116 195 23 156 96 87 41 24 186 9 197 100 102 64 80 155 18 4 127 69 38 0 70 8 125 97 59 118 119 98 173 115 19 14 81 122 60 95 105 107 71 93 91 104 108 86 72 12 198 157 184 177 188 11 178 133 47 150 49 63 58 35 148 121 117 66 43 124 168 37 39 16 144 169 162 112 89 103 61 163 73 68 131 5 48 79 57 199 40 126 132 128 110 84 88 187 171 56 145 31 29 174 21 141 180 152 130 149 154 185 6 34 45 15 30 114 92 101 50 142 146 181 33 137 2 28 27 17 85 42 190 192 83 13 32 51 54 67 75 77 20 46 151 76 3 196 94 176 10 182 109 147 120 90 139 135 161 36 62 53 153 78 193 191 22 183 26 158 194 7 44 143 106 166 99 164 175 165 
6394 | 141.410235 | 179 25 129 123 159 160 1 167 74 55 136 140 172 170 189 134 65 82 111 138 113 52 116 195 23 156 96 87 41 24 186 9 197 100 102 64 80 155 18 4 127 69 38 0 70 8 125 97 59 118 119 98 173 115 19 14 81 122 60 95 105 107 71 93 91 104 108 86 72 12 198 157 184 177 188 11 178 133 47 150 49 63 58 35 148 83 117 66 43 124 168 37 39 16 144 169 162 112 89 103 61 163 73 68 131 5 48 79 57 199 40 126 132 128 110 84 88 187 171 56 145 31 29 174 21 141 180 152 130 149 154 185 6 34 45 15 30 114 92 101 50 142 146 181 33 137 2 28 27 17 85 42 190 192 121 13 32 51 54 67 75 77 20 46 151 76 3 196 94 176 10 182 109 147 120 90 139 135 161 36 62 53 153 78 193 191 22 183 26 158 194 7 44 143 106 166 99 164 175 165 
6694 | 141.161460 | 179 25 129 123 159 99 1 167 74 55 136 140 172 170 189 134 65 82 111 138 113 52 116 195 23 156 96 87 41 24 186 9 197 100 102 64 80 155 18 4 127 69 38 0 70 8 125 97 59 118 119 98 173 115 19 14 81 122 60 95 105 107 71 93 91 104 108 86 72 12 198 157 184 177 188 11 178 133 47 150 49 63 58 35 148 83 117 66 43 124 168 37 39 16 144 169 162 112 89 103 61 163 73 68 131 5 48 79 57 199 40 126 132 128 110 84 88 187 171 56 145 31 29 174 21 141 180 152 130 149 154 185 6 34 45 15 30 114 92 101 50 142 146 181 33 137 2 28 27 17 85 42 190 192 121 13 32 51 54 67 75 77 20 46 151 76 3 196 94 176 10 182 109 147 120 90 139 135 161 36 62 53 153 78 193 191 22 183 26 158 194 7 44 143 106 166 160 164 175 165 
6894 | 140.703925 | 179 25 129 123 159 99 1 167 74 55 136 140 172 170 189 134 65 82 111 135 113 52 116 195 23 156 96 87 41 24 186 9 197 100 102 64 80 155 18 4 127 69 38 0 70 8 125 97 59 118 119 98 173 115 19 14 81 122 60 95 105 107 71 93 91 104 108 86 72 12 198 157 184 177 188 11 178 133 47 150 49 63 58 35 148 83 117 66 43 124 168 37 39 16 144 169 162 112 89 103 61 163 73 68 131 5 48 79 57 199 40 126 132 128 110 84 88 187 171 56 145 31 29 174 21 141 180 152 130 149 154 185 6 34 45 15 30 114 92 101 50 142 146 181 33 137 2 28 27 17 85 42 190 192 121 13 32 51 54 67 75 77 20 46 151 76 3 196 94 176 10 182 109 147 120 90 139 138 161 36 62 53 153 78 193 191 22 183 26 158 194 7 44 143 106 166 160 164 175 165 
7194 | 139.237948 | 179 25 129 123 159 99 1 167 74 55 136 140 172 170 189 134 65 82 111 135 113 52 116 195 23 156 96 87 41 24 186 9 197 100 102 64 80 155 18 4 127 69 38 0 70 8 125 97 59 118 119 98 173 115 19 14 81 122 60 95 105 107 71 93 91 104 108 86 72 12 198 169 184 177 188 11 178 133 47 150 49 63 58 35 148 83 117 66 43 124 168 37 39 16 144 157 162 112 89 103 61 163 73 68 131 5 48 79 57 199 40 126 132 128 110 84 88 187 171 56 145 31 29 174 21 141 180 152 130 149 154 185 6 34 45 15 30 114 92 101 50 142 146 181 33 137 2 28 27 17 85 42 190 192 121 13 32 51 54 67 75 77 20 46 151 76 3 196 94 176 10 182 109 147 120 90 139 138 161 36 62 53 153 78 193 191 22 183 26 158 194 7 44 143 106 166 160 164 175 165 
7682 | 138.999752 | 49 76 127 16 133 139 163 31 126 120 56 8 12 59 151 36 67 84 35 112 132 6 123 125 91 114 116 77 64 60 156 149 99 66 80 90 75 137 140 32 188 160 168 42 22 192 106 100 183 45 44 170 51 143 111 129 141 46 190 158 191 113 5 179 178 28 34 169 14 184 21 27 175 124 73 19 24 167 55 194 193 135 102 15 4 61 153 53 57 173 3 130 105 138 33 144 43 166 52 147 97 7 195 122 87 74 148 161 142 65 131 152 50 70 78 0 25 187 176 37 96 119 103 88 165 86 150 62 174 40 159 134 81 118 68 107 83 128 146 189 13 17 164 101 197 23 92 104 98 95 20 177 186 93 82 26 30 145 117 108 121 85 162 172 89 109 185 11 69 71 171 9 157 155 47 63 72 58 199 54 2 181 198 41 29 1 110 94 136 79 39 154 180 38 48 10 18 196 115 182 
7782 | 138.477732 | 49 76 127 16 133 139 163 31 126 120 197 8 12 59 151 36 67 84 35 112 132 6 123 125 91 114 116 77 64 60 156 149 99 66 80 90 75 137 140 32 188 160 168 42 22 192 106 100 183 45 44 170 51 143 111 129 141 46 190 158 191 113 5 179 178 28 34 169 14 184 21 27 175 124 73 19 24 167 55 194 193 135 102 15 4 61 153 53 57 173 3 130 105 138 33 144 43 166 52 147 97 7 195 122 87 74 148 161 142 65 131 152 50 70 78 0 25 187 176 37 96 119 103 88 165 86 150 62 174 40 159 134 81 118 68 107 83 128 146 189 13 17 164 101 56 23 92 104 98 95 20 177 186 93 82 26 30 145 117 108 121 85 162 172 89 109 185 11 69 71 171 9 157 155 47 63 72 58 199 54 2 181 198 41 29 1 110 94 136 79 39 154 180 38 48 10 18 196 115 182 
8794 | 137.702809 | 179 25 129 123 159 99 1 167 176 55 136 140 172 170 189 134 65 82 111 135 113 52 116 195 23 156 96 87 41 24 186 9 197 100 102 64 80 155 18 4 127 69 38 0 70 8 125 97 59 118 119 98 173 115 19 14 81 122 60 95 105 107 71 93 91 104 108 86 72 12 198 169 184 177 188 11 178 133 47 150 49 63 58 35 148 83 117 66 43 124 168 37 15 16 144 157 162 112 89 103 61 163 73 68 131 5 48 79 57 199 40 126 132 128 110 84 88 187 171 56 145 31 29 174 21 141 180 152 130 149 154 185 6 34 45 39 30 114 92 101 50 142 146 181 33 137 2 28 27 17 85 42 190 192 121 13 32 51 54 67 75 77 20 46 151 76 3 196 94 74 10 182 109 147 120 90 139 138 161 36 62 53 153 78 193 191 22 183 26 158 194 7 44 143 106 166 160 164 175 165 
9282 | 136.194608 | 49 76 127 16 133 139 163 31 126 120 197 8 12 59 151 36 67 84 35 112 132 6 123 125 91 114 116 77 64 60 156 149 99 66 80 90 75 137 140 32 188 160 168 42 22 192 106 100 183 45 44 170 51 143 111 129 141 46 190 158 191 113 5 179 178 28 34 169 14 184 21 27 175 124 73 19 24 167 55 194 193 135 102 15 4 61 153 53 57 173 3 130 105 138 33 144 43 166 52 147 97 7 195 122 87 74 148 161 142 65 131 152 50 70 78 0 25 187 176 86 96 119 103 88 165 37 150 62 174 40 159 134 81 118 68 107 83 128 146 189 13 17 164 101 56 23 92 104 98 95 20 177 186 93 82 26 30 145 117 108 121 85 162 172 89 109 185 11 69 71 171 9 157 155 47 63 72 58 199 54 2 181 198 41 29 1 110 94 136 79 39 154 180 38 48 10 18 196 115 182 
9482 | 133.974388 | 49 76 127 16 133 139 163 31 126 120 197 8 12 23 151 36 67 84 35 112 132 6 123 125 91 114 116 77 64 60 156 149 99 66 80 90 75 137 140 32 188 160 168 42 22 192 106 100 183 45 44 170 51 143 111 129 141 46 190 158 191 113 5 179 178 28 34 169 14 184 21 27 175 124 73 19 24 167 55 194 193 135 102 15 4 61 153 53 57 173 3 130 105 138 33 144 43 166 52 147 97 7 195 122 87 74 148 161 142 65 131 152 50 70 78 0 25 187 176 86 96 119 103 88 165 37 150 62 174 40 159 134 81 118 68 107 83 128 146 189 13 17 164 101 56 59 92 104 98 95 20 177 186 93 82 26 30 145 117 108 121 85 162 172 89 109 185 11 69 71 171 9 157 155 47 63 72 58 199 54 2 181 198 41 29 1 110 94 136 79 39 154 180 38 48 10 18 196 115 182 
9782 | 132.806495 | 49 76 127 16 133 139 163 31 126 120 197 8 12 23 151 36 67 84 35 112 132 6 123 125 91 114 116 77 64 60 156 149 99 66 80 90 75 137 140 32 188 160 168 42 22 192 106 100 183 45 44 170 51 143 111 129 141 46 190 158 78 113 5 179 178 28 34 169 14 184 21 27 175 124 73 19 24 167 55 194 193 135 102 15 4 61 153 53 57 173 3 130 105 138 33 144 43 166 52 147 97 7 195 122 87 74 148 161 142 65 131 152 50 70 191 0 25 187 176 86 96 119 103 88 165 37 150 62 174 40 159 134 81 118 68 107 83 128 146 189 13 17 164 101 56 59 92 104 98 95 20 177 186 93 82 26 30 145 117 108 121 85 162 172 89 109 185 11 69 71 171 9 157 155 47 63 72 58 199 54 2 181 198 41 29 1 110 94 136 79 39 154 180 38 48 10 18 196 115 182 
9882 | 132.749756 | 49 76 127 16 133 139 163 31 126 120 197 8 12 23 151 36 67 84 35 112 132 6 123 125 91 114 116 77 64 60 156 149 99 66 80 90 75 137 140 32 188 160 168 42 22 192 106 100 183 45 44 170 51 143 111 129 141 46 190 158 78 113 5 179 178 28 34 169 14 184 21 27 175 124 73 19 24 167 55 194 193 135 102 15 4 61 199 53 57 173 3 130 105 138 33 144 43 166 52 147 97 7 195 122 87 74 148 161 142 65 131 152 50 70 191 0 25 187 176 86 96 119 103 88 165 37 150 62 174 40 159 134 81 118 68 107 83 128 146 189 13 17 164 101 56 59 92 104 98 95 20 177 186 93 82 26 30 145 117 108 121 85 162 172 89 109 185 11 69 71 171 9 157 155 47 63 72 58 153 54 2 181 198 41 29 1 110 94 136 79 39 154 180 38 48 10 18 196 115 182 
9982 | 132.738818 | 49 76 127 16 133 139 163 31 126 120 197 8 12 23 151 36 67 84 35 175 132 6 123 125 91 114 116 77 64 60 156 149 99 66 80 90 75 137 140 32 188 160 168 42 22 192 106 100 183 45 44 170 51 143 111 129 141 46 190 158 78 113 5 179 178 28 34 169 14 184 21 27 112 124 73 19 24 167 55 194 193 135 102 15 4 61 199 53 57 173 3 130 105 138 33 144 43 166 52 147 97 7 195 122 87 74 148 161 142 65 131 152 50 70 191 0 25 187 176 86 96 119 103 88 165 37 150 62 174 40 159 134 81 118 68 107 83 128 146 189 13 17 164 101 56 59 92 104 98 95 20 177 186 93 82 26 30 145 117 108 121 85 162 172 89 109 185 11 69 71 171 9 157 155 47 63 72 58 153 54 2 181 198 41 29 1 110 94 136 79 39 154 180 38 48 10 18 196 115 182 
10282 | 132.495733 | 49 76 127 16 133 139 163 31 126 120 197 8 12 23 151 36 67 84 35 175 132 6 123 125 91 114 116 77 64 60 156 149 99 66 80 90 75 137 140 32 188 160 168 42 22 192 106 100 183 45 44 170 51 143 111 129 141 46 190 158 78 113 5 179 178 28 34 169 14 184 21 27 112 124 73 19 24 167 55 194 193 135 102 15 4 61 199 53 57 173 3 130 105 138 33 144 43 166 52 147 97 7 195 122 87 74 148 161 142 65 131 152 50 70 191 0 25 187 176 86 96 119 103 88 165 37 150 62 174 40 159 134 81 118 68 107 83 128 146 189 13 17 164 101 63 59 92 104 98 95 20 177 186 93 82 26 30 145 117 108 121 85 162 172 89 109 185 11 69 71 171 9 157 155 47 56 72 58 153 54 2 181 198 41 29 1 110 94 136 79 39 154 180 38 48 10 18 196 115 182 
10682 | 132.478164 | 49 76 127 16 133 139 163 31 126 120 197 8 12 23 151 36 67 84 35 175 132 6 123 125 91 114 116 77 64 60 156 149 99 66 80 90 75 137 140 32 188 160 168 42 22 192 106 100 183 45 55 170 51 143 111 129 141 46 190 158 78 113 5 179 178 28 34 169 14 184 21 27 112 124 73 19 24 167 44 194 193 135 102 15 4 61 199 53 57 173 3 130 105 138 33 144 43 166 52 147 97 7 195 122 87 74 148 161 142 65 131 152 50 70 191 0 25 187 176 86 96 119 103 88 165 37 150 62 174 40 159 134 81 118 68 107 83 128 146 189 13 17 164 101 63 59 92 104 98 95 20 177 186 93 82 26 30 145 117 108 121 85 162 172 89 109 185 11 69 71 171 9 157 155 47 56 72 58 153 54 2 181 198 41 29 1 110 94 136 79 39 154 180 38 48 10 18 196 115 182 
10782 | 132.447549 | 49 76 127 16 133 139 163 31 126 120 197 8 12 23 151 36 67 84 35 175 132 6 123 125 91 113 116 77 64 60 156 149 99 66 80 90 75 137 140 32 188 160 168 42 22 192 106 100 183 45 55 170 51 143 111 129 141 46 190 158 78 114 5 179 178 28 34 169 14 184 21 27 112 124 73 19 24 167 44 194 193 135 102 15 4 61 199 53 57 173 3 130 105 138 33 144 43 166 52 147 97 7 195 122 87 74 148 161 142 65 131 152 50 70 191 0 25 187 176 86 96 119 103 88 165 37 150 62 174 40 159 134 81 118 68 107 83 128 146 189 13 17 164 101 63 59 92 104 98 95 20 177 186 93 82 26 30 145 117 108 121 85 162 172 89 109 185 11 69 71 171 9 157 155 47 56 72 58 153 54 2 181 198 41 29 1 110 94 136 79 39 154 180 38 48 10 18 196 115 182 
10895 | 131.005979 | 50 123 107 151 29 28 133 125 109 88 148 96 175 45 141 82 118 94 156 196 158 160 9 113 84 104 146 129 149 198 152 163 169 65 15 47 178 182 31 177 143 155 27 192 115 153 64 119 76 98 23 14 7 24 184 19 32 166 12 37 135 73 86 81 150 44 49 34 6 2 17 180 186 87 80 69 58 114 122 55 46 33 42 108 105 67 134 3 187 181 4 179 199 164 59 91 144 56 57 61 138 161 48 22 43 62 38 162 139 21 183 26 147 52 157 137 140 68 116 110 102 191 190 193 136 145 117 97 71 66 89 25 189 1 77 5 13 8 0 165 93 185 30 35 40 11 197 101 111 106 130 36 159 100 194 128 85 78 90 120 39 167 176 60 103 95 83 195 79 74 99 18 168 41 173 127 121 112 75 51 126 63 132 10 154 188 174 170 53 92 72 172 54 70 16 20 131 124 142 171 
11595 | 130.852236 | 50 123 107 151 29 28 133 125 109 88 148 96 175 45 141 82 118 94 156 196 158 160 9 113 84 104 146 129 149 198 152 163 169 65 15 47 178 182 31 177 143 155 27 192 115 153 64 119 76 98 23 14 7 24 184 19 32 166 12 37 135 73 86 81 150 44 49 34 6 2 17 180 186 87 80 69 58 114 122 55 46 33 42 108 105 67 134 3 187 181 4 179 199 164 59 91 144 56 57 61 138 40 48 22 43 62 38 162 139 21 183 26 147 52 157 137 140 68 116 110 102 191 190 193 136 145 117 97 71 66 89 25 189 1 77 5 13 8 0 165 93 185 30 35 161 11 197 101 111 106 130 36 159 100 194 128 85 78 90 120 39 167 176 60 103 95 83 195 79 74 99 18 168 41 173 127 121 112 75 51 126 63 132 10 154 188 174 170 53 92 72 172 54 70 16 20 131 124 142 171 
11782 | 130.690782 | 49 76 127 16 133 139 163 31 126 120 197 8 12 23 151 36 67 84 35 175 132 6 123 125 91 113 116 77 64 60 156 149 99 66 80 90 75 137 140 9 188 160 168 42 22 192 106 100 183 45 55 170 51 143 111 129 141 46 157 158 78 114 5 179 178 28 34 169 14 184 21 27 112 124 73 19 24 167 44 194 193 135 102 15 4 61 199 53 57 173 3 130 105 138 33 144 43 166 52 147 97 7 195 122 87 74 148 161 142 65 131 152 50 70 191 0 25 187 176 86 96 119 103 88 165 37 150 62 174 40 159 134 81 118 68 107 83 128 146 189 13 17 164 101 63 59 92 104 98 95 20 177 186 93 82 26 30 145 117 108 121 85 162 172 89 109 185 11 69 71 171 32 190 155 47 56 72 58 153 54 2 181 198 41 29 1 110 94 136 79 39 154 180 38 48 10 18 196 115 182 
11982 | 128.756987 | 49 76 127 16 133 139 163 31 126 120 197 8 12 23 151 36 67 84 35 175 132 6 123 125 91 113 116 77 64 60 156 149 99 66 80 90 75 137 140 9 188 160 168 42 22 192 106 100 183 45 55 170 51 143 111 129 141 46 157 158 78 114 5 179 178 28 34 169 14 184 21 27 112 124 73 19 24 167 44 194 193 135 102 15 4 61 199 53 57 173 3 130 105 138 33 144 43 166 52 147 97 7 195 122 87 74 148 161 142 65 131 152 50 70 191 0 25 187 176 86 96 119 103 88 165 37 150 62 174 40 159 134 81 118 68 107 83 128 146 189 13 17 164 101 63 59 92 104 98 95 20 177 186 93 82 26 30 145 117 108 121 85 162 172 89 109 185 11 69 71 171 32 190 155 47 56 72 58 153 54 2 181 198 41 29 1 110 94 136 79 39 154 48 38 180 10 18 196 115 182 
12082 | 128.148212 | 49 76 127 16 133 139 163 31 126 120 197 8 12 23 151 36 67 84 35 175 132 6 123 125 91 113 116 77 64 60 156 149 99 66 80 90 75 137 140 9 188 160 168 42 22 192 106 100 183 45 55 170 51 143 111 129 141 46 157 158 78 114 5 179 178 28 34 169 14 184 21 27 112 124 73 19 24 167 44 194 193 135 102 15 4 61 199 53 57 173 3 130 105 138 33 144 43 166 52 147 58 7 195 122 87 74 148 161 142 65 131 152 50 70 191 0 25 187 176 86 96 119 103 88 165 37 150 62 174 40 159 134 81 118 68 107 83 128 146 189 13 17 164 101 63 59 92 104 98 95 20 177 186 93 82 26 30 145 117 108 121 85 162 172 89 109 185 11 69 71 171 32 190 155 47 56 72 97 153 54 2 181 198 41 29 1 110 94 136 79 39 154 48 38 180 10 18 196 115 182 
12182 | 127.392288 | 49 76 127 16 133 139 163 31 126 120 197 8 12 23 151 36 67 84 35 146 132 6 123 125 91 113 116 77 64 60 156 149 99 66 80 90 75 137 140 9 188 160 168 42 22 192 106 100 183 45 55 170 51 143 111 129 141 46 157 158 78 114 5 179 178 28 34 169 14 184 21 27 112 124 73 19 24 167 44 194 193 135 102 15 4 61 199 53 57 173 3 130 105 138 33 144 43 166 52 147 58 7 195 122 87 74 148 161 142 65 131 152 50 70 191 0 25 187 176 86 96 119 103 88 165 37 150 62 174 40 159 134 81 118 68 107 83 128 175 189 13 17 164 101 63 59 92 104 98 95 20 177 186 93 82 26 30 145 117 108 121 85 162 172 89 109 185 11 69 71 171 32 190 155 47 56 72 97 153 54 2 181 198 41 29 1 110 94 136 79 39 154 48 38 180 10 18 196 115 182 
12282 | 126.566309 | 49 76 127 16 133 139 163 31 126 120 197 8 12 23 165 36 67 84 35 146 132 6 123 125 91 113 116 77 64 60 156 149 99 66 80 90 75 137 140 9 188 160 168 42 22 192 106 100 183 45 55 170 51 143 111 129 141 46 157 158 78 114 5 179 178 28 34 169 14 184 21 27 112 124 73 19 24 167 44 194 193 135 102 15 4 61 199 53 57 173 3 130 105 138 33 144 43 166 52 147 58 7 195 122 87 74 148 161 142 65 131 152 50 70 191 0 25 187 176 86 96 119 103 88 151 37 150 62 174 40 159 134 81 118 68 107 83 128 175 189 13 17 164 101 63 59 92 104 98 95 20 177 186 93 82 26 30 145 117 108 121 85 162 172 89 109 185 11 69 71 171 32 190 155 47 56 72 97 153 54 2 181 198 41 29 1 110 94 136 79 39 154 48 38 180 10 18 196 115 182 
12382 | 125.607221 | 49 16 127 76 133 139 163 31 126 120 197 8 12 23 165 36 67 84 35 146 132 6 123 125 91 113 116 77 64 60 156 149 99 66 80 90 75 137 140 9 188 160 168 42 22 192 106 100 183 45 55 170 51 143 111 129 141 46 157 158 78 114 5 179 178 28 34 169 14 184 21 27 112 124 73 19 24 167 44 194 193 135 102 15 4 61 199 53 57 173 3 130 105 138 33 144 43 166 52 147 58 7 195 122 87 74 148 161 142 65 131 152 50 70 191 0 25 187 176 86 96 119 103 88 151 37 150 62 174 40 159 134 81 118 68 107 83 128 175 189 13 17 164 101 63 59 92 104 98 95 20 177 186 93 82 26 30 145 117 108 121 85 162 172 89 109 185 11 69 71 171 32 190 155 47 56 72 97 153 54 2 181 198 41 29 1 110 94 136 79 39 154 48 38 180 10 18 196 115 182 
12482 | 125.080644 | 49 16 127 76 133 139 163 31 126 120 197 8 12 23 165 36 67 84 35 146 132 6 3 125 91 113 116 77 64 60 156 149 99 66 80 90 75 137 140 9 188 160 168 42 22 192 106 100 183 45 55 170 51 143 111 129 141 46 157 158 78 114 5 179 178 28 34 169 14 184 21 27 112 124 73 19 24 167 44 194 193 135 102 15 4 61 199 53 57 173 123 130 105 138 33 144 43 166 52 147 58 7 195 122 87 74 148 161 142 65 131 152 50 70 191 0 25 187 176 86 96 119 103 88 151 37 150 62 174 40 159 134 81 118 68 107 83 128 175 189 13 17 164 101 63 59 92 104 98 95 20 177 186 93 82 26 30 145 117 108 121 85 162 172 89 109 185 11 69 71 171 32 190 155 47 56 72 97 153 54 2 181 198 41 29 1 110 94 136 79 39 154 48 38 180 10 18 196 115 182 
12682 | 124.762754 | 49 16 127 76 133 139 163 31 126 120 197 8 12 23 165 36 67 84 35 146 132 6 3 125 91 113 116 77 64 60 156 149 99 66 80 90 75 137 140 9 188 160 168 42 22 192 106 100 183 45 55 170 51 143 111 129 141 46 157 158 78 114 5 179 178 28 34 169 14 184 61 27 112 124 73 19 24 167 44 194 193 135 102 15 4 21 199 53 57 173 123 130 105 138 33 144 43 166 52 147 58 7 195 122 87 74 148 161 142 65 131 152 50 70 191 0 25 187 176 86 96 119 103 88 151 37 150 62 174 40 159 134 81 118 68 107 83 128 175 189 13 17 164 101 63 59 92 104 98 95 20 177 186 93 82 26 30 145 117 108 121 85 162 172 89 109 185 11 69 71 171 32 190 155 47 56 72 97 153 54 2 181 198 41 29 1 110 94 136 79 39 154 48 38 180 10 18 196 115 182 
13082 | 124.702509 | 49 16 127 76 133 139 163 31 126 120 197 8 12 23 165 36 67 84 35 146 132 6 3 125 91 113 116 77 64 60 156 149 99 66 80 90 75 137 140 9 10 160 168 42 22 192 106 100 183 45 55 170 51 143 111 129 141 46 157 158 78 114 5 179 178 28 34 169 14 184 61 27 112 124 73 19 24 167 44 194 193 135 102 15 4 21 199 53 57 173 123 130 105 138 33 144 43 166 52 147 58 7 195 122 87 74 148 161 142 65 131 152 50 70 191 0 25 187 176 86 96 119 103 88 151 37 150 62 174 40 159 134 81 118 68 107 83 128 175 189 13 17 164 101 63 59 92 104 98 95 20 177 186 93 82 26 30 145 117 108 121 85 162 172 89 109 185 11 69 71 171 32 190 155 47 56 72 97 153 54 2 181 198 41 29 1 110 94 136 79 39 154 48 38 180 188 18 196 115 182 
13282 | 123.668754 | 49 112 127 76 133 139 163 31 126 120 197 8 12 23 165 36 67 84 35 146 132 6 3 125 91 113 116 77 64 60 156 149 99 66 80 90 75 137 140 9 10 160 168 42 22 192 106 100 183 45 55 170 51 143 111 129 141 46 157 158 78 114 5 179 178 28 34 169 14 184 61 27 16 124 73 19 24 167 44 194 193 135 102 15 4 21 199 53 57 173 123 130 105 138 33 144 43 166 52 147 58 7 195 122 87 74 148 161 142 65 131 152 50 70 191 0 25 187 176 86 96 119 103 88 151 37 150 62 174 40 159 134 81 118 68 107 83 128 175 189 13 17 164 101 63 59 92 104 98 95 20 177 186 93 82 26 30 145 117 108 121 85 162 172 89 109 185 11 69 71 171 32 190 155 47 56 72 97 153 54 2 181 198 41 29 1 110 94 136 79 39 154 48 38 180 188 18 196 115 182 
13882 | 123.123672 | 49 112 127 76 133 139 163 31 126 120 197 8 12 23 165 36 67 84 35 146 132 6 3 125 91 113 116 77 64 60 156 149 99 66 80 90 75 137 140 9 10 160 168 42 22 192 106 100 183 45 55 170 51 143 111 129 141 46 157 158 78 114 5 179 178 28 34 169 14 184 61 27 16 124 73 19 24 167 44 194 193 135 102 15 4 21 199 53 57 173 123 130 105 138 33 144 37 166 52 147 58 7 195 122 87 74 148 161 142 65 131 152 50 70 191 0 25 187 176 86 96 119 103 88 151 43 150 62 174 40 159 134 81 118 68 107 83 128 175 189 13 17 164 101 63 59 92 104 98 95 20 177 186 93 82 26 30 145 117 108 121 85 162 172 89 109 185 11 69 71 171 32 190 155 47 56 72 97 153 54 2 181 198 41 29 1 110 94 136 79 39 154 48 38 180 188 18 196 115 182 
14882 | 122.564089 | 49 112 127 76 133 139 163 31 126 120 197 8 12 23 165 36 67 84 35 146 132 6 3 125 91 113 116 77 64 60 156 149 99 66 80 90 75 137 140 9 10 160 168 42 22 0 106 100 183 45 55 170 51 143 111 129 141 46 157 158 78 114 5 179 178 28 34 169 14 184 61 27 16 124 73 19 24 167 44 194 193 135 102 15 4 21 199 53 57 173 123 130 105 138 33 144 37 166 52 147 58 7 195 122 87 74 148 161 142 65 131 152 50 70 191 192 25 187 176 86 96 119 103 88 151 43 150 62 174 40 159 134 81 118 68 107 83 128 175 189 13 17 164 101 63 59 92 104 98 95 20 177 186 93 82 26 30 145 117 108 121 85 162 172 89 109 185 11 69 71 171 32 190 155 47 56 72 97 153 54 2 181 198 41 29 1 110 94 136 79 39 154 48 38 180 188 18 196 115 182 
15282 | 122.095459 | 92 112 127 76 133 139 163 31 126 120 197 8 12 23 165 36 67 84 35 146 132 6 3 125 91 113 116 77 64 60 156 149 99 66 80 90 75 137 140 9 10 160 168 42 22 0 106 100 183 45 55 170 51 143 111 129 141 46 157 158 78 114 5 179 178 28 34 169 14 184 61 27 16 124 73 19 24 167 44 194 193 135 102 15 4 21 199 53 57 173 123 130 105 138 33 144 37 166 52 147 58 7 195 122 87 74 148 161 142 65 131 152 50 70 191 192 25 187 176 86 96 119 103 88 151 43 150 62 174 40 159 134 81 118 68 107 83 128 175 189 13 17 164 101 63 59 49 104 98 95 20 177 186 93 82 26 30 145 117 108 121 85 162 172 89 109 185 11 69 71 171 32 190 155 47 56 72 97 153 54 2 181 198 41 29 1 110 94 136 79 39 154 48 38 180 188 18 196 115 182 
15682 | 121.819512 | 92 112 127 76 133 139 163 31 126 120 197 8 12 23 165 36 67 84 35 146 132 6 3 125 91 113 116 77 64 60 156 149 99 66 80 90 75 137 140 9 10 160 168 42 22 0 106 100 183 45 55 170 51 143 111 129 141 46 157 158 78 114 5 179 178 28 34 169 14 184 61 27 16 124 73 19 24 172 44 194 193 135 102 15 4 21 199 53 57 173 123 130 105 138 33 144 37 166 52 147 58 7 195 122 87 74 148 161 142 65 131 152 50 70 191 192 25 187 176 86 96 119 103 88 151 43 150 62 174 40 159 134 81 118 68 107 83 128 175 189 13 17 164 101 63 59 49 104 98 95 20 177 186 93 82 26 30 145 117 108 121 85 162 167 89 109 185 11 69 71 171 32 190 155 47 56 72 97 153 54 2 181 198 41 29 1 110 94 136 79 39 154 48 38 180 188 18 196 115 182 
16382 | 121.235227 | 92 112 127 76 133 139 163 31 126 120 197 8 12 23 165 36 67 84 35 146 132 6 3 125 91 113 116 77 64 60 156 149 99 66 80 90 75 137 140 9 10 160 168 42 22 0 106 100 183 45 55 170 51 143 111 129 141 46 157 158 78 114 5 179 178 28 34 169 14 184 61 27 16 124 73 19 24 172 44 194 193 135 102 15 4 21 199 53 57 173 123 130 105 138 33 144 37 166 52 147 58 7 195 122 87 74 148 161 142 65 131 152 50 70 191 192 25 187 176 86 96 119 103 88 151 43 150 145 174 40 159 134 81 118 68 107 83 128 175 189 13 17 164 101 63 59 49 104 98 95 20 177 186 93 82 26 30 62 117 108 121 85 162 167 89 109 185 11 69 71 171 32 190 155 47 56 72 97 153 54 2 181 198 41 29 1 110 94 136 79 39 154 48 38 180 188 18 196 115 182 
17089 | 120.651425 | 140 118 70 5 76 23 173 52 3 195 159 8 193 9 16 37 31 13 166 168 170 72 12 197 172 158 180 123 96 63 130 132 32 194 176 92 154 156 146 157 10 187 124 83 69 129 163 153 24 34 35 65 133 42 39 165 148 155 25 192 196 161 17 186 184 127 120 97 85 125 151 43 114 21 191 0 19 188 169 46 88 147 51 48 86 98 121 7 14 53 107 136 128 189 149 150 174 199 73 160 2 171 162 177 55 134 185 68 143 108 94 101 82 95 105 115 64 20 1 18 182 44 50 47 33 104 119 152 58 54 4 6 102 100 66 131 109 41 61 139 142 71 117 93 112 137 59 141 62 138 38 45 36 29 175 30 77 99 80 111 57 90 81 56 113 110 135 40 126 103 116 87 74 145 183 179 190 11 198 49 122 15 78 67 144 84 89 178 27 60 91 106 75 79 26 164 167 181 22 28 
17389 | 119.971809 | 140 118 70 5 76 23 173 52 3 195 159 8 193 9 16 37 31 13 166 168 170 72 12 197 172 158 180 123 96 63 130 132 32 194 176 92 154 156 146 157 10 187 124 83 69 129 163 153 24 34 35 65 133 42 39 165 148 155 25 192 196 161 17 186 184 127 120 97 85 125 151 43 114 21 191 0 19 188 169 46 88 147 51 48 86 98 121 7 14 53 107 136 128 189 149 150 174 199 73 160 2 171 162 177 55 134 185 68 143 15 94 101 82 95 105 115 64 20 1 18 182 44 50 47 33 104 119 152 58 54 4 6 102 100 66 131 109 41 61 139 142 71 117 93 112 137 59 141 62 138 38 45 36 29 175 30 77 99 80 111 57 90 81 56 113 110 135 40 126 103 116 87 74 145 183 179 190 11 198 49 122 108 78 67 144 84 89 178 27 60 91 106 75 79 26 164 167 181 22 28 
17589 | 119.909745 | 140 118 70 5 76 23 173 52 3 195 159 8 193 9 16 37 31 13 166 168 170 72 12 197 172 158 180 123 96 63 130 132 32 194 176 92 154 156 146 157 10 187 124 83 69 129 163 153 24 34 35 65 133 42 39 165 148 155 25 192 21 161 17 186 184 127 120 97 85 125 151 43 114 196 191 0 19 188 169 46 88 147 51 48 86 98 121 7 14 53 107 136 128 189 149 150 174 199 73 160 2 171 162 177 55 134 185 68 143 15 94 101 82 95 105 115 64 20 1 18 182 44 50 47 33 104 119 152 58 54 4 6 102 100 66 131 109 41 61 139 142 71 117 93 112 137 59 141 62 138 38 45 36 29 175 30 77 99 80 111 57 90 81 56 113 110 135 40 126 103 116 87 74 145 183 179 190 11 198 49 122 108 78 67 144 84 89 178 27 60 91 106 75 79 26 164 167 181 22 28 
17689 | 119.880895 | 140 118 70 5 76 23 173 52 3 11 159 8 193 9 16 37 31 13 166 168 170 72 12 197 172 158 180 123 96 63 130 132 32 194 176 92 154 156 146 157 10 187 124 83 69 129 163 153 24 34 35 65 133 42 39 165 148 155 25 192 21 161 17 186 184 127 120 97 85 125 151 43 114 196 191 0 19 188 169 46 88 147 51 48 86 98 121 7 14 53 107 136 128 189 149 150 174 199 73 160 2 171 162 177 55 134 185 68 143 15 94 101 82 95 105 115 64 20 1 18 182 44 50 47 33 104 119 152 58 54 4 6 102 100 66 131 109 41 61 139 142 71 117 93 112 137 59 141 62 138 38 45 36 29 175 30 77 99 80 111 57 90 81 56 113 110 135 40 126 103 116 87 74 145 183 179 190 195 198 49 122 108 78 67 144 84 89 178 27 60 91 106 75 79 26 164 167 181 22 28 
17712 | 119.799366 | 70 112 88 94 178 184 22 179 25 146 36 159 194 11 192 114 66 123 90 103 78 56 38 137 44 127 140 0 173 23 162 120 108 85 95 8 121 93 190 158 63 43 41 147 151 75 115 169 12 74 48 34 47 139 50 170 28 188 168 51 185 181 138 87 166 134 59 57 46 67 116 113 133 157 182 180 117 122 136 61 142 199 39 150 68 52 69 6 1 35 83 72 77 96 32 160 144 54 154 156 149 40 24 191 13 15 10 21 165 64 76 110 174 143 45 187 3 175 27 37 2 167 49 141 58 20 82 92 125 130 129 119 126 79 104 106 91 196 19 189 16 197 183 89 198 18 105 177 161 42 101 102 99 73 81 71 26 171 65 163 164 172 176 193 33 29 9 186 30 195 7 4 5 62 118 148 55 153 80 60 98 17 31 86 97 155 152 14 84 100 107 132 131 128 109 135 124 145 111 53 
18312 | 119.349587 | 70 112 88 94 178 184 22 179 25 146 36 159 194 11 192 114 66 123 90 103 78 56 38 137 44 127 140 0 173 23 162 120 108 85 95 8 121 93 190 158 63 43 41 147 151 75 115 169 12 74 48 34 47 139 50 170 28 188 168 51 185 181 138 87 166 134 59 57 46 67 116 113 133 157 182 180 117 122 136 61 142 199 39 150 68 52 69 6 1 35 148 72 77 96 32 160 144 54 154 156 149 40 24 191 13 15 10 21 165 64 76 110 174 143 45 187 3 175 27 37 2 167 49 141 58 20 82 92 125 130 129 119 126 79 104 106 91 196 19 189 16 197 183 89 198 18 105 177 161 42 101 102 99 73 81 71 26 171 65 163 164 172 176 193 33 29 9 186 30 195 7 4 5 62 118 83 55 153 80 60 98 17 31 86 97 155 152 14 84 100 107 132 131 128 109 135 124 145 111 53 
18381 | 118.428567 | 186 100 82 148 143 48 175 33 90 111 136 105 106 41 151 50 170 4 35 8 21 182 27 5 62 32 118 67 146 49 132 65 125 37 53 124 176 6 28 171 63 14 189 17 134 76 95 101 110 194 191 119 104 30 31 46 152 38 3 69 86 92 129 179 39 156 168 164 44 158 149 180 19 40 137 58 80 177 190 196 178 181 36 18 13 11 159 165 55 64 174 185 163 140 142 60 91 114 195 96 61 167 188 25 193 162 144 161 197 45 79 135 133 97 157 89 73 122 147 29 172 7 20 102 108 56 116 103 88 141 43 54 155 131 138 120 128 130 99 123 75 84 94 113 87 93 107 81 83 127 154 160 34 70 112 184 199 150 169 10 24 77 98 71 121 57 153 52 139 117 78 22 23 15 9 192 0 66 187 16 12 26 126 42 2 51 47 166 72 74 85 145 59 68 109 115 1 198 183 173 
18481 | 118.308433 | 186 100 82 148 143 48 175 33 90 111 136 105 106 41 151 50 170 4 35 8 21 182 27 5 62 32 118 67 146 49 132 65 125 37 53 124 176 6 28 171 63 14 189 17 134 76 95 101 110 194 191 119 78 30 31 46 152 38 3 69 86 92 129 179 39 156 168 164 44 158 149 180 19 40 137 58 80 177 190 196 178 181 36 18 13 11 159 165 55 64 174 185 163 140 142 60 91 114 195 96 61 167 188 25 193 162 144 161 197 45 79 135 133 97 157 89 73 122 147 29 172 7 20 102 108 56 116 103 88 141 43 54 155 131 138 120 128 130 99 123 75 84 94 113 87 93 107 81 83 127 154 160 34 70 112 184 199 150 169 10 24 77 98 71 121 57 153 52 139 117 104 22 23 15 9 192 0 66 187 16 12 26 126 42 2 51 47 166 72 74 85 145 59 68 109 115 1 198 183 173 
18581 | 117.257955 | 186 100 82 148 143 48 175 33 90 111 136 105 106 41 151 50 170 4 35 8 21 182 27 5 62 32 118 67 146 49 132 65 125 37 53 124 176 6 28 171 63 14 189 17 134 76 95 101 110 194 191 119 78 30 31 46 152 38 3 69 86 92 129 179 39 156 168 164 44 158 149 180 19 40 137 58 80 177 190 196 178 181 36 18 13 11 159 165 55 64 174 150 163 140 142 60 91 114 195 96 61 167 188 25 193 162 144 161 197 45 79 135 133 97 157 89 73 122 147 29 172 7 20 102 108 56 116 103 88 141 43 54 155 131 138 120 128 130 99 123 75 84 94 113 87 93 107 81 83 127 154 160 34 70 112 184 199 185 169 10 24 77 98 71 121 57 153 52 139 117 104 22 23 15 9 192 0 66 187 16 12 26 126 42 2 51 47 166 72 74 85 145 59 68 109 115 1 198 183 173 
18681 | 117.166025 | 186 100 82 148 143 48 175 33 90 111 136 105 106 41 151 50 170 4 35 8 21 182 27 5 62 32 118 67 146 49 132 65 125 37 53 124 176 6 28 171 63 14 189 17 134 76 95 101 110 194 191 119 78 30 31 46 152 38 3 69 86 92 129 179 39 156 168 164 40 158 149 180 19 44 137 58 80 177 190 196 178 181 36 18 13 11 159 165 55 64 174 150 163 140 142 60 91 114 195 96 61 167 188 25 193 162 144 161 197 45 79 135 133 97 157 89 73 122 147 29 172 7 20 102 108 56 116 103 88 141 43 54 155 131 138 120 128 130 99 123 75 84 94 113 87 93 107 81 83 127 154 160 34 70 112 184 199 185 169 10 24 77 98 71 121 57 153 52 139 117 104 22 23 15 9 192 0 66 187 16 12 26 126 42 2 51 47 166 72 74 85 145 59 68 109 115 1 198 183 173 
18781 | 117.146504 | 186 100 82 148 143 48 175 33 90 111 136 105 106 41 151 50 170 4 35 8 21 182 27 5 62 32 118 67 146 49 132 65 125 37 53 124 176 6 28 171 63 14 189 17 134 76 95 101 110 194 191 119 78 30 31 46 152 38 3 69 86 92 129 179 39 156 168 164 40 158 149 180 19 44 137 58 80 177 190 196 178 181 36 18 13 11 159 165 55 64 174 150 163 140 142 60 91 114 195 96 61 167 188 25 193 162 144 161 197 45 79 135 133 97 157 89 73 122 147 29 172 7 20 102 108 56 116 103 88 141 43 54 155 131 138 120 128 130 99 123 75 84 112 113 87 93 107 81 83 127 154 160 34 70 94 184 199 185 169 10 24 77 98 71 121 57 153 52 139 117 104 22 23 15 9 192 0 66 187 16 12 26 126 42 2 51 47 166 72 74 85 145 59 68 109 115 1 198 183 173 
19481 | 117.088776 | 186 100 82 148 143 48 175 33 90 111 136 105 106 41 151 50 170 4 35 8 21 182 27 5 62 32 118 67 146 49 132 65 125 37 53 124 176 6 28 171 63 14 189 17 134 76 95 101 110 194 191 119 78 30 31 46 152 154 3 69 86 92 129 179 39 156 168 164 40 158 149 180 19 44 137 58 80 177 190 196 178 181 36 18 13 11 159 165 55 64 174 150 163 140 142 60 91 114 195 96 61 167 188 25 193 162 144 161 197 45 79 135 133 97 157 89 73 122 147 29 172 7 20 102 108 56 116 103 88 141 43 54 155 131 138 120 128 130 99 123 75 84 112 113 87 93 107 81 83 127 38 160 34 70 94 184 199 185 169 10 24 77 98 71 121 57 153 52 139 117 104 22 23 15 9 192 0 66 187 16 12 26 126 42 2 51 47 166 72 74 85 145 59 68 109 115 1 198 183 173 
19812 | 116.636279 | 8 112 88 94 181 184 22 179 193 146 36 159 194 11 192 114 66 123 90 103 78 56 38 199 44 127 140 0 173 23 162 120 108 85 95 70 121 86 190 158 63 43 41 147 151 75 115 169 12 74 48 34 47 139 50 170 28 188 168 51 16 178 138 87 166 134 59 57 46 67 116 113 133 157 182 180 117 122 136 61 142 137 39 150 68 52 69 6 1 35 148 72 77 96 32 160 144 54 154 156 149 40 24 191 13 15 10 21 165 64 76 110 174 143 45 187 3 175 27 37 2 167 49 141 58 20 82 92 125 130 129 119 126 79 104 106 91 196 19 189 185 197 183 89 198 18 105 177 161 42 101 102 99 73 81 71 26 171 65 163 164 172 176 25 33 29 9 186 30 195 7 4 5 62 118 83 55 153 80 60 98 17 31 93 97 155 152 14 84 100 107 132 131 128 109 135 124 145 111 53 
19881 | 116.506049 | 186 100 82 148 143 48 175 33 90 111 136 105 106 41 151 50 170 4 35 8 21 182 27 5 62 32 118 67 146 49 132 65 125 37 53 124 176 6 28 171 63 14 189 17 134 76 95 101 110 194 191 119 78 30 31 46 152 154 3 69 86 92 129 179 39 156 168 164 40 158 149 180 19 44 137 58 80 177 190 196 178 181 36 18 13 11 159 165 55 64 174 150 163 140 142 60 91 114 195 96 61 167 188 25 193 162 144 161 197 45 79 135 133 97 157 89 73 122 147 29 172 7 20 102 108 56 116 103 88 141 43 54 155 131 138 120 128 130 99 123 75 84 112 113 87 93 107 81 83 127 38 160 34 70 94 184 199 185 1 10 24 77 98 71 121 57 153 52 139 117 104 22 23 15 9 192 0 66 187 16 12 26 126 42 2 51 47 166 72 74 85 145 59 68 109 115 169 198 183 173 
20081 | 114.825149 | 186 100 82 148 143 48 175 33 90 111 136 105 106 41 151 50 170 4 35 8 21 182 27 5 62 32 118 67 146 49 132 65 125 37 53 124 176 6 28 171 63 14 189 17 134 76 95 101 110 194 191 119 78 30 31 46 152 154 3 69 86 92 129 179 39 156 168 164 40 158 149 180 19 44 137 58 80 177 190 196 178 181 36 18 13 11 159 165 55 64 174 150 163 140 142 60 91 114 45 96 61 167 188 25 193 162 144 161 197 195 79 135 133 97 157 89 73 122 147 29 172 7 20 102 108 56 116 103 88 141 43 54 155 131 138 120 128 130 99 123 75 84 112 113 87 93 107 81 83 127 38 160 34 70 94 184 199 185 1 10 24 77 98 71 121 57 153 52 139 117 104 22 23 15 9 192 0 66 187 16 12 26 126 42 2 51 47 166 72 74 85 145 59 68 109 115 169 198 183 173 
21081 | 113.773055 | 186 100 82 148 143 48 175 33 90 111 136 105 106 41 151 50 170 4 35 8 21 182 27 5 62 32 118 67 146 49 132 65 125 37 53 124 176 6 28 171 19 14 189 17 134 76 95 101 110 194 191 119 78 30 31 46 152 154 3 69 86 92 129 179 39 156 168 164 40 158 149 180 63 44 137 58 80 177 190 196 178 181 36 18 13 11 159 165 55 64 174 150 163 140 142 60 91 114 45 96 61 167 188 25 193 162 144 161 197 195 79 135 133 97 157 89 73 122 147 29 172 7 20 102 108 56 116 103 88 141 43 54 155 131 138 120 128 130 99 123 75 84 112 113 87 93 107 81 83 127 38 160 34 70 94 184 199 185 1 10 24 77 98 71 121 57 153 52 139 117 104 22 23 15 9 192 0 66 187 16 12 26 126 42 2 51 47 166 72 74 85 145 59 68 109 115 169 198 183 173 
21381 | 113.323618 | 186 100 82 148 143 48 175 33 90 111 136 105 106 41 151 50 170 4 35 8 21 182 27 5 62 32 118 67 146 49 132 65 125 37 53 124 176 6 28 171 19 14 189 17 134 76 95 101 110 194 191 119 78 30 31 46 152 154 3 69 86 92 129 179 39 156 168 164 40 158 149 180 63 44 137 58 80 177 190 196 178 181 36 18 13 11 159 165 55 64 174 150 163 140 142 60 91 114 45 96 61 167 188 25 193 162 144 161 197 195 79 135 133 97 157 89 73 130 147 29 172 7 20 102 108 56 116 103 88 141 43 54 155 131 138 120 128 122 99 123 75 84 112 113 87 93 107 81 83 127 38 160 34 70 94 184 199 185 1 10 24 77 98 71 121 57 153 52 139 117 104 22 23 15 9 192 0 66 187 16 12 26 126 42 2 51 47 166 72 74 85 145 59 68 109 115 169 198 183 173 
21781 | 112.858522 | 186 100 82 148 143 48 175 33 90 111 136 105 106 41 151 50 170 4 35 8 21 182 27 5 62 32 118 67 146 49 132 65 125 37 53 124 176 6 28 171 19 14 189 17 134 76 95 101 110 194 191 119 78 30 31 46 152 154 3 69 86 92 129 179 39 156 168 164 40 158 149 180 63 44 137 58 80 177 190 196 178 181 36 18 13 11 159 165 55 64 174 150 163 140 142 60 91 114 45 96 61 167 188 25 193 162 144 161 197 195 79 135 133 97 157 89 73 130 147 29 172 169 20 102 108 56 116 103 88 141 43 54 155 131 138 120 128 122 99 123 75 84 112 113 87 93 107 81 83 127 38 160 34 70 94 184 199 185 1 10 24 77 98 71 121 57 153 52 139 117 104 22 23 15 9 192 0 66 187 16 12 26 126 42 2 51 47 166 72 74 85 145 59 68 109 115 7 198 183 173 
22181 | 112.473195 | 186 100 82 148 143 48 175 33 90 111 136 105 106 41 151 50 170 4 35 8 21 182 27 5 62 32 118 67 146 49 132 65 125 37 53 124 176 6 28 171 19 14 189 17 134 76 95 101 110 194 191 119 78 30 31 46 152 154 3 69 86 92 129 179 39 156 168 164 40 158 149 180 63 44 137 58 80 177 190 196 178 181 36 18 13 11 159 165 55 64 174 150 160 140 142 60 91 114 45 96 61 167 188 25 193 162 144 161 197 195 79 135 133 97 157 89 73 130 147 29 172 169 20 102 108 56 116 103 88 141 43 54 155 131 138 120 128 122 99 123 75 84 112 113 87 93 107 81 83 127 38 163 34 70 94 184 199 185 1 10 24 77 98 71 121 57 153 52 139 117 104 22 23 15 9 192 0 66 187 16 12 26 126 42 2 51 47 166 72 74 85 145 59 68 109 115 7 198 183 173 
22881 | 112.453906 | 186 100 82 148 143 48 175 33 90 111 136 105 106 41 151 50 170 4 35 8 21 182 27 5 62 32 118 67 146 49 132 65 125 37 127 124 176 6 28 171 19 14 189 17 134 76 95 101 110 194 191 119 78 30 31 46 152 154 3 69 86 92 129 179 39 156 168 164 40 158 149 180 63 44 137 58 80 177 190 196 178 181 36 18 13 11 159 165 55 64 174 150 160 140 142 60 91 114 45 96 61 167 188 25 193 162 144 161 197 195 79 135 133 97 157 89 73 130 147 29 172 169 20 102 108 56 116 103 88 141 43 54 155 131 138 120 128 122 99 123 75 84 112 113 87 93 107 81 83 53 38 163 34 70 94 184 199 185 1 10 24 77 98 71 121 57 153 52 139 117 104 22 23 15 9 192 0 66 187 16 12 26 126 42 2 51 47 166 72 74 85 145 59 68 109 115 7 198 183 173 
23381 | 112.069054 | 186 100 82 148 143 48 175 33 90 111 136 105 106 41 151 50 170 4 35 8 21 182 27 5 62 32 118 67 146 49 132 65 125 37 127 124 176 6 20 171 19 14 189 17 134 76 95 101 110 194 191 119 78 30 31 46 152 154 3 69 86 92 129 179 39 156 168 164 40 158 149 180 63 44 137 58 80 177 190 196 178 181 36 18 13 11 159 165 55 64 174 150 160 140 142 60 91 114 45 96 61 167 188 25 193 162 144 161 197 195 79 135 133 97 157 89 73 130 147 29 172 169 28 102 108 56 116 103 88 141 43 54 155 131 138 120 128 122 99 123 75 84 112 113 87 93 107 81 83 53 38 163 34 70 94 184 199 185 1 10 24 77 98 71 121 57 153 52 139 117 104 22 23 15 9 192 0 66 187 16 12 26 126 42 2 51 47 166 72 74 85 145 59 68 109 115 7 198 183 173 
23981 | 111.465203 | 186 100 82 148 143 48 175 33 90 111 136 105 106 41 151 50 170 4 35 8 21 182 27 5 62 32 118 67 146 49 132 65 125 37 127 124 176 6 20 171 19 14 189 17 134 76 95 101 110 194 191 119 78 30 31 46 152 154 3 69 86 92 129 179 39 156 168 164 40 158 149 180 63 44 174 58 80 177 190 196 178 181 36 18 13 11 159 165 55 64 137 150 160 140 142 60 91 114 45 96 61 167 188 25 193 162 144 161 197 195 79 135 133 97 157 89 73 130 147 29 172 169 28 102 108 56 116 103 88 141 43 54 155 131 138 120 128 122 99 123 75 84 112 113 87 93 107 81 83 53 38 163 34 70 94 184 199 185 1 10 24 77 98 71 121 57 153 52 139 117 104 22 23 15 9 192 0 66 187 16 12 26 126 42 2 51 47 166 72 74 85 145 59 68 109 115 7 198 183 173 
24881 | 111.430834 | 186 100 82 148 143 48 175 33 90 111 136 105 106 41 151 50 170 4 35 8 21 182 27 5 62 32 118 67 146 49 132 65 125 37 127 124 176 6 20 171 19 14 189 17 134 76 95 101 110 194 191 119 78 30 31 46 152 154 3 69 86 92 129 179 39 156 168 164 40 158 149 180 63 44 174 58 80 196 190 177 178 181 36 18 13 11 159 165 55 64 137 150 160 140 142 60 91 114 45 96 61 167 188 25 193 162 144 161 197 195 79 135 133 97 157 89 73 130 147 29 172 169 28 102 108 56 116 103 88 141 43 54 155 131 138 120 128 122 99 123 75 84 112 113 87 93 107 81 83 53 38 163 34 70 94 184 199 185 1 10 24 77 98 71 121 57 153 52 139 117 104 22 23 15 9 192 0 66 187 16 12 26 126 42 2 51 47 166 72 74 85 145 59 68 109 115 7 198 183 173 
24981 | 111.379148 | 186 100 82 148 143 48 175 33 90 111 136 105 106 41 151 50 170 4 35 8 21 182 27 5 62 32 118 67 146 49 132 65 125 37 127 124 176 6 20 171 19 14 189 17 134 76 95 101 110 194 191 119 78 30 31 46 152 154 3 69 86 92 129 2 39 156 168 164 40 158 149 180 63 44 174 58 80 196 190 177 178 181 36 18 13 11 159 165 55 64 137 150 160 140 142 60 91 114 45 96 61 167 188 25 193 162 144 161 197 195 79 135 133 97 157 89 73 130 147 29 172 169 28 102 108 56 116 103 88 141 43 54 155 131 138 120 128 122 99 123 75 84 112 113 87 93 107 81 83 53 38 163 34 70 94 184 199 185 1 10 24 77 98 71 121 57 153 52 139 117 104 22 23 15 9 192 0 66 187 16 12 26 126 42 179 51 47 166 72 74 85 145 59 68 109 115 7 198 183 173 
