DataSet:	circ200
RunTime:	2022-6-5 14:47:49
Method:	RMHC
Params:	P:100 E:25000
DataPath:	./resources/datasets/circ200.txt

################################################################################

1 | 182.089543 | 153 164 171 67 84 105 11 187 199 62 180 79 110 179 4 93 44 190 135 2 77 23 52 17 37 132 121 100 109 156 80 107 195 91 46 159 129 20 112 86 124 73 88 12 81 57 131 138 140 154 75 47 70 68 74 125 157 8 128 169 55 193 106 50 71 101 161 29 139 30 94 176 36 24 72 64 95 120 119 147 0 103 173 122 10 178 197 142 117 83 66 19 108 150 31 32 113 198 25 104 151 126 163 99 136 133 98 186 6 191 155 162 196 16 43 96 21 76 145 87 65 114 63 168 14 158 170 189 54 53 51 13 89 183 34 22 160 28 166 92 97 61 1 182 48 33 137 90 3 45 27 15 58 116 26 9 85 56 184 130 115 123 141 177 42 181 111 38 146 78 82 49 188 7 152 175 148 40 143 172 134 144 60 165 192 149 174 194 167 35 118 41 102 69 127 5 39 18 185 59 
3 | 175.160656 | 24 59 194 11 12 197 65 50 196 130 0 87 55 68 18 126 189 163 99 140 43 5 185 173 176 79 113 150 83 117 13 179 97 74 67 144 184 15 48 100 125 102 180 157 30 28 124 116 192 38 46 167 111 177 128 118 78 165 89 77 174 85 70 88 108 94 44 121 21 138 151 27 183 82 141 62 10 63 29 132 53 129 110 149 33 178 20 8 72 101 84 152 168 80 96 35 155 40 57 60 143 146 131 187 22 98 133 171 190 42 90 161 3 166 17 182 120 26 51 95 198 6 58 142 19 39 66 154 160 105 9 145 34 69 119 170 115 23 164 193 169 112 91 64 71 109 122 181 1 25 137 32 61 139 7 54 16 175 76 199 106 4 114 93 188 2 37 191 73 92 172 134 162 36 156 103 86 104 195 41 123 75 52 81 186 159 153 49 107 56 158 47 147 127 135 148 136 31 45 14 
26 | 172.873223 | 40 57 177 196 134 124 170 18 143 14 94 86 31 26 3 50 77 122 20 53 35 180 114 1 161 9 61 132 192 107 79 96 49 155 101 171 60 64 190 198 126 59 102 188 28 162 137 83 33 42 43 139 179 32 65 106 108 159 174 181 2 23 67 111 151 141 29 154 138 25 109 85 81 127 19 189 156 56 175 193 75 54 80 128 72 166 91 47 149 48 41 168 63 153 4 131 98 185 112 130 5 87 52 58 150 68 44 110 88 165 62 45 69 164 199 34 16 105 78 70 95 24 113 121 157 15 66 37 160 84 12 147 148 125 135 73 103 82 93 142 10 71 133 163 169 51 22 173 11 191 76 118 146 136 100 13 186 116 144 129 117 36 90 55 21 158 6 97 0 119 74 99 140 195 92 197 104 123 115 187 30 183 7 89 152 38 8 145 182 27 17 194 46 167 172 184 178 176 39 120 
31 | 167.062959 | 41 130 22 179 98 93 146 174 57 186 91 115 101 49 2 45 39 3 60 147 140 149 145 137 21 164 120 166 124 181 50 30 7 8 65 80 0 1 27 125 163 188 169 182 109 198 72 66 158 108 35 25 13 5 76 56 197 99 134 128 64 178 171 46 180 75 132 43 6 24 38 122 139 18 86 138 29 187 20 17 176 118 152 100 155 59 150 129 55 85 123 83 81 15 63 51 23 40 87 162 10 189 196 106 90 127 69 52 9 160 82 199 192 36 68 107 71 117 73 119 34 104 88 78 61 121 113 96 110 74 177 32 173 37 89 190 183 136 142 191 143 148 161 44 172 141 131 154 170 16 95 26 135 126 4 114 151 28 153 77 33 79 84 184 47 42 19 14 103 112 102 94 185 53 92 48 159 12 193 105 165 11 175 70 31 168 195 167 157 194 62 156 58 67 144 97 133 111 116 54 
131 | 162.263999 | 41 130 22 179 98 93 146 174 57 186 91 115 101 49 2 45 39 3 60 147 140 149 145 137 21 164 120 166 124 181 50 30 7 8 65 80 0 1 27 125 163 188 169 182 109 198 72 66 158 108 35 25 13 5 76 56 197 99 134 128 64 178 171 46 180 75 132 43 6 24 38 122 139 18 86 138 29 187 20 17 176 118 152 100 155 59 150 129 55 85 123 83 81 105 63 51 23 40 87 162 10 189 196 106 90 127 69 52 9 160 82 199 192 36 68 107 71 117 73 119 34 104 88 78 61 121 113 96 110 74 177 32 173 37 89 190 183 136 142 191 143 148 161 44 172 141 131 154 170 16 95 26 135 126 4 114 151 28 153 77 33 79 84 184 47 42 19 14 103 112 102 94 185 53 92 48 159 12 193 15 165 11 175 70 31 168 195 167 157 194 62 156 58 67 144 97 133 111 116 54 
331 | 161.699496 | 41 130 22 179 98 93 146 174 57 186 91 115 101 49 2 45 39 3 60 147 140 149 145 137 21 164 120 166 71 181 50 30 7 8 65 80 0 1 27 125 163 188 169 182 109 198 72 66 158 108 35 25 13 5 76 56 197 99 134 128 64 178 171 46 180 75 132 43 6 24 38 122 139 18 86 138 29 187 20 17 176 118 152 100 155 59 150 129 55 85 123 83 81 105 63 51 23 40 87 162 10 189 196 106 90 127 69 52 9 160 82 199 192 36 68 107 124 117 73 119 34 104 88 78 61 121 113 96 110 74 177 32 173 37 89 190 183 136 142 191 143 148 161 44 172 141 131 154 170 16 95 26 135 126 4 114 151 28 153 77 33 79 84 184 47 42 19 14 103 112 102 94 185 53 92 48 159 12 193 15 165 11 175 70 31 168 195 167 157 194 62 156 58 67 144 97 133 111 116 54 
731 | 161.699496 | 41 130 22 179 98 93 146 174 57 186 91 115 101 49 2 45 39 3 60 147 140 149 145 137 21 164 120 166 71 181 50 30 7 8 65 80 0 1 27 125 163 188 169 182 109 198 72 66 158 108 35 25 13 5 76 56 197 99 134 128 64 178 171 46 180 75 132 43 6 24 38 122 139 18 86 138 29 187 20 17 176 118 152 100 155 59 150 129 55 85 123 83 81 105 63 51 23 40 87 162 11 189 196 106 90 127 69 52 9 160 82 199 192 36 68 107 124 117 73 119 34 104 88 78 61 121 113 96 110 74 177 32 173 37 89 190 183 136 142 191 143 148 161 44 172 141 131 154 170 16 95 26 135 126 4 114 151 28 153 77 33 79 84 184 47 42 19 14 103 112 102 94 185 53 92 48 159 12 193 15 165 10 175 70 31 168 195 167 157 194 62 156 58 67 144 97 133 111 116 54 
1331 | 161.103964 | 41 130 22 179 98 93 146 174 57 186 91 115 101 49 2 45 39 3 60 147 140 77 145 137 21 164 120 166 71 181 50 30 7 8 65 80 0 1 27 125 163 188 169 182 109 198 72 66 158 108 35 25 13 5 76 56 197 99 134 128 64 178 171 46 180 75 132 43 6 24 38 122 139 18 86 138 29 187 20 17 176 118 152 100 155 59 150 129 55 85 123 83 81 105 63 51 23 40 87 162 11 189 196 106 90 127 69 52 9 160 82 199 192 36 68 107 124 117 73 119 34 104 88 78 61 121 113 96 110 74 177 32 173 37 89 190 183 136 142 191 143 148 161 44 172 141 131 154 170 16 95 26 135 126 4 114 151 28 153 149 33 79 84 184 47 42 19 14 103 112 102 94 185 53 92 48 159 12 193 15 165 10 175 70 31 168 195 167 157 194 62 156 58 67 144 97 133 111 116 54 
1431 | 160.267564 | 41 130 22 179 98 93 146 174 57 186 91 115 101 49 2 45 39 3 60 147 140 77 145 137 21 164 120 166 71 181 50 30 7 8 65 80 0 1 27 125 163 188 169 182 109 198 72 66 158 108 35 25 13 5 76 56 197 99 134 128 172 178 171 46 180 75 132 43 6 24 38 122 139 18 86 138 29 187 20 17 176 118 152 100 155 59 150 129 55 85 123 83 81 105 63 51 23 40 87 162 11 189 196 106 90 127 69 52 9 160 82 199 192 36 68 107 124 117 73 119 34 104 88 78 61 121 113 96 110 74 177 32 173 37 89 190 183 136 142 191 143 148 161 44 64 141 131 154 170 16 95 26 135 126 4 114 151 28 153 149 33 79 84 184 47 42 19 14 103 112 102 94 185 53 92 48 159 12 193 15 165 10 175 70 31 168 195 167 157 194 62 156 58 67 144 97 133 111 116 54 
1731 | 159.720773 | 41 130 22 179 98 93 146 174 57 186 91 115 101 49 2 45 39 3 60 147 140 77 145 137 21 164 120 166 71 181 50 30 7 8 119 80 0 1 27 125 163 188 169 182 109 198 72 66 158 108 35 25 13 5 76 56 197 99 134 128 172 178 171 46 180 75 132 43 6 24 38 122 139 18 86 138 29 187 20 17 176 118 152 100 155 59 150 129 55 85 123 83 81 105 63 51 23 40 87 162 11 189 196 106 90 127 69 52 9 160 82 199 192 36 68 107 124 117 73 65 34 104 88 78 61 121 113 96 110 74 177 32 173 37 89 190 183 136 142 191 143 148 161 44 64 141 131 154 170 16 95 26 135 126 4 114 151 28 153 149 33 79 84 184 47 42 19 14 103 112 102 94 185 53 92 48 159 12 193 15 165 10 175 70 31 168 195 167 157 194 62 156 58 67 144 97 133 111 116 54 
1859 | 159.448064 | 19 119 78 163 37 192 3 97 91 183 182 18 66 124 126 53 2 181 151 114 42 113 0 76 176 26 172 29 13 12 122 85 131 135 49 28 94 39 22 194 184 185 190 25 38 189 165 52 30 4 6 138 7 162 178 118 36 106 115 154 96 72 54 82 71 102 95 125 142 112 35 57 59 21 170 47 157 186 17 11 69 103 143 160 61 101 99 153 145 121 98 110 92 68 128 173 167 164 41 87 141 155 107 175 116 197 1 140 168 108 177 159 132 20 77 51 152 179 84 193 149 16 73 81 60 130 156 63 166 64 161 86 34 9 180 27 199 43 23 65 133 120 123 104 67 93 55 134 137 40 171 188 105 139 127 90 56 5 50 146 169 10 74 33 45 46 58 196 195 15 31 198 8 83 100 80 147 136 144 89 109 187 48 75 148 32 24 70 88 191 111 14 62 44 117 150 174 79 129 158 
2059 | 158.957575 | 19 119 78 163 37 192 3 97 91 183 182 18 66 124 126 53 2 181 151 114 42 113 0 76 176 26 172 29 13 12 122 85 131 135 49 28 94 39 22 194 184 185 190 25 38 189 165 52 150 4 6 138 7 162 178 118 36 106 115 154 96 72 54 82 71 102 95 125 142 112 35 57 59 21 170 47 157 186 17 11 69 103 143 160 61 101 99 153 145 121 98 110 92 68 128 173 167 164 41 87 141 155 107 175 116 197 1 140 168 108 177 159 132 20 77 51 152 179 84 193 149 16 73 81 60 130 156 63 166 64 161 86 34 9 180 27 199 43 23 65 133 120 123 104 67 93 55 134 137 40 171 188 105 139 127 90 56 5 50 146 169 10 74 33 45 46 58 196 195 15 31 198 8 83 100 80 147 136 144 89 109 187 48 75 148 32 24 70 88 191 111 14 62 44 117 30 174 79 129 158 
2231 | 158.705152 | 41 183 22 179 98 93 146 174 57 186 91 115 101 49 2 45 39 3 60 147 140 77 145 137 21 164 120 166 71 181 50 30 7 8 119 80 0 1 27 125 163 188 169 182 109 198 72 66 158 108 35 25 13 5 76 56 197 99 134 128 172 178 171 46 180 75 132 43 6 24 38 122 139 18 86 138 29 187 20 17 176 118 152 100 155 59 150 129 55 85 123 83 81 105 63 51 23 40 87 162 11 189 196 106 90 127 69 52 9 160 82 199 192 36 68 107 124 117 73 65 34 104 88 78 61 121 113 96 110 74 177 32 173 37 89 190 130 136 142 191 143 148 161 44 64 141 131 154 170 16 95 26 135 126 4 114 151 28 153 149 33 79 84 184 47 42 19 14 103 112 102 94 185 53 92 48 159 12 193 15 165 10 175 70 31 168 195 167 157 194 62 156 58 67 144 97 133 111 116 54 
2331 | 158.690375 | 41 183 22 164 98 93 146 174 57 186 91 115 101 49 2 45 39 3 60 147 140 77 145 137 21 179 120 166 71 181 50 30 7 8 119 80 0 1 27 125 163 188 169 182 109 198 72 66 158 108 35 25 13 5 76 56 197 99 134 128 172 178 171 46 180 75 132 43 6 24 38 122 139 18 86 138 29 187 20 17 176 118 152 100 155 59 150 129 55 85 123 83 81 105 63 51 23 40 87 162 11 189 196 106 90 127 69 52 9 160 82 199 192 36 68 107 124 117 73 65 34 104 88 78 61 121 113 96 110 74 177 32 173 37 89 190 130 136 142 191 143 148 161 44 64 141 131 154 170 16 95 26 135 126 4 114 151 28 153 149 33 79 84 184 47 42 19 14 103 112 102 94 185 53 92 48 159 12 193 15 165 10 175 70 31 168 195 167 157 194 62 156 58 67 144 97 133 111 116 54 
2431 | 157.276561 | 41 183 22 164 98 93 146 174 57 186 91 115 101 49 2 45 39 3 60 147 140 77 145 137 21 179 120 166 71 181 50 30 7 8 119 80 0 1 27 125 163 188 169 182 109 198 72 66 158 31 35 25 13 5 76 56 197 99 134 128 172 178 171 46 180 75 132 43 6 24 38 122 139 18 86 138 29 187 20 17 176 118 152 100 155 59 150 129 55 85 123 83 81 105 63 51 23 40 87 162 11 189 196 106 90 127 69 52 9 160 82 199 192 36 68 107 124 117 73 65 34 104 88 78 61 121 113 96 110 74 177 32 173 37 89 190 130 136 142 191 143 148 161 44 64 141 131 154 170 16 95 26 135 126 4 114 151 28 153 149 33 79 84 184 47 42 19 14 103 112 102 94 185 53 92 48 159 12 193 15 165 10 175 70 108 168 195 167 157 194 62 156 58 67 144 97 133 111 116 54 
2531 | 156.192234 | 41 183 22 164 98 93 146 174 57 186 91 115 101 49 2 45 39 3 60 147 140 77 145 137 21 179 120 166 71 181 50 30 7 8 119 80 0 1 27 125 163 188 169 182 109 198 72 66 158 31 35 25 13 5 76 56 197 99 134 128 172 178 171 46 180 75 132 43 6 24 38 122 139 18 86 138 29 187 20 17 176 118 152 100 155 59 150 129 55 85 123 83 81 105 89 51 23 40 87 162 11 189 196 106 90 127 69 52 9 160 82 199 192 36 68 107 124 117 73 65 34 104 88 78 61 121 113 96 110 74 177 32 173 37 63 190 130 136 142 191 143 148 161 44 64 141 131 154 170 16 95 26 135 126 4 114 151 28 153 149 33 79 84 184 47 42 19 14 103 112 102 94 185 53 92 48 159 12 193 15 165 10 175 70 108 168 195 167 157 194 62 156 58 67 144 97 133 111 116 54 
2559 | 154.507709 | 19 119 78 163 37 192 3 97 91 183 182 18 66 124 126 53 2 181 151 114 42 113 0 76 176 26 172 29 13 12 122 85 131 135 49 28 94 39 22 194 184 185 190 25 38 189 165 52 150 4 6 138 7 162 178 118 36 106 115 154 96 72 54 82 71 102 95 125 142 112 35 57 59 21 170 47 157 186 17 11 69 103 143 160 61 101 99 153 145 121 98 110 92 68 128 173 167 164 41 87 141 155 107 175 116 197 1 5 168 108 177 159 132 20 77 51 152 179 84 193 149 16 73 81 60 130 156 63 166 64 161 86 34 9 180 27 199 43 23 65 133 120 123 104 67 93 55 134 137 40 191 188 105 139 127 90 56 140 50 146 169 10 74 33 45 46 58 196 195 15 31 198 8 83 100 80 147 136 144 89 109 187 48 75 148 32 24 70 88 171 111 14 62 44 117 30 174 79 129 158 
2859 | 153.496172 | 19 119 78 163 37 192 3 97 91 183 182 18 66 124 126 53 2 181 151 114 42 113 0 76 176 26 172 29 13 12 122 85 131 135 49 28 94 39 22 194 184 185 190 25 38 189 165 52 150 4 6 138 7 162 178 118 36 106 115 154 96 72 54 82 71 102 95 125 142 112 35 57 59 21 170 47 157 186 17 11 69 103 143 160 61 101 99 153 145 121 98 110 92 68 128 173 167 164 41 87 141 155 107 175 116 197 1 5 168 108 177 20 132 159 77 51 152 179 84 193 149 16 73 81 60 130 156 63 166 64 161 86 34 9 180 27 199 43 23 65 133 120 123 104 67 93 55 134 137 40 191 188 105 139 127 90 56 140 50 146 169 10 74 33 45 46 58 196 195 15 31 198 8 83 100 80 147 136 144 89 109 187 48 75 148 32 24 70 88 171 111 14 62 44 117 30 174 79 129 158 
3231 | 152.901970 | 41 183 22 164 98 93 146 174 57 186 91 115 101 49 2 45 39 3 60 147 140 77 145 137 21 179 120 166 71 72 50 30 7 8 119 162 0 1 27 125 163 188 169 9 109 198 181 66 158 31 35 25 13 5 76 56 197 99 134 128 172 178 171 46 180 75 132 43 6 24 38 122 139 18 86 138 29 187 20 17 176 118 152 100 155 59 150 129 55 85 123 83 81 105 89 51 23 40 87 80 11 189 196 106 90 127 69 52 182 160 82 199 192 36 68 107 124 117 73 65 34 104 88 78 61 121 113 96 110 74 177 32 173 37 63 190 130 136 142 191 143 148 161 44 64 141 131 95 170 16 154 26 135 126 4 114 151 28 153 149 33 79 84 184 47 42 19 14 103 112 102 94 185 53 92 48 159 12 193 15 165 10 175 70 108 168 195 167 157 194 62 156 58 67 144 97 133 111 116 54 
3431 | 152.465411 | 41 183 22 164 98 93 146 174 57 186 91 115 101 49 2 45 39 3 60 147 140 77 145 137 21 179 120 166 71 72 50 30 7 8 119 162 0 1 27 125 163 188 169 9 109 198 181 66 158 31 35 25 13 5 76 56 197 99 134 128 172 178 171 46 180 75 132 43 6 24 38 122 139 18 86 138 29 187 20 17 176 118 152 100 155 59 150 129 55 85 123 83 81 105 89 51 23 40 87 80 11 189 196 106 90 127 69 52 182 160 82 199 192 36 68 107 124 117 73 65 153 104 88 78 61 121 113 96 110 74 177 32 173 37 63 190 130 136 142 191 143 148 161 44 64 141 131 95 170 16 154 26 135 126 4 114 151 28 34 149 33 79 84 184 47 42 19 14 103 112 102 94 185 53 92 48 159 12 193 15 165 10 175 70 108 168 195 167 157 194 62 156 58 67 144 97 133 111 116 54 
3631 | 152.358559 | 41 183 22 164 98 93 172 174 57 186 91 115 101 49 2 45 39 3 60 147 140 77 145 137 21 179 120 166 71 72 50 30 7 8 119 162 0 1 27 125 163 188 169 9 109 198 181 66 158 31 35 25 13 5 76 56 197 99 134 128 146 178 171 46 180 75 132 43 6 24 38 122 139 18 86 138 29 187 20 17 176 118 152 100 155 59 150 129 55 85 123 83 81 105 89 51 23 40 87 80 11 189 196 106 90 127 69 52 182 160 82 199 192 36 68 107 124 117 73 65 153 104 88 78 61 121 113 96 110 74 177 32 173 37 63 190 130 136 142 191 143 148 161 44 64 141 131 95 170 16 154 26 135 126 4 114 151 28 34 149 33 79 84 184 47 42 19 14 103 112 102 94 185 53 92 48 159 12 193 15 165 10 175 70 108 168 195 167 157 194 62 156 58 67 144 97 133 111 116 54 
3859 | 147.649000 | 19 119 78 163 37 192 3 97 91 183 182 18 66 124 126 53 2 181 151 114 42 113 0 76 176 26 172 29 13 12 122 85 131 135 49 28 94 39 22 194 184 185 190 25 38 189 165 52 150 4 6 138 7 162 178 118 36 106 115 154 96 72 54 82 71 102 95 125 142 112 35 57 59 21 170 47 157 186 17 11 69 103 143 160 61 101 99 153 145 121 98 110 92 68 128 24 167 164 41 87 141 155 107 175 193 197 1 5 168 108 177 20 132 159 77 51 152 179 84 116 149 16 23 81 60 130 156 63 166 64 161 86 34 9 180 27 199 43 73 65 133 120 123 104 67 93 55 134 137 40 191 188 105 139 127 90 56 140 50 146 169 10 74 33 45 46 58 196 195 15 31 198 8 83 100 80 147 136 144 89 109 187 48 75 148 32 173 70 88 171 111 14 62 44 117 30 174 79 129 158 
4331 | 147.270149 | 41 183 22 164 98 93 172 174 57 186 91 115 101 49 2 45 39 3 60 147 140 77 145 137 21 179 120 166 71 72 50 30 7 8 119 162 0 1 27 18 163 188 169 9 109 198 181 66 158 31 35 25 13 5 76 56 197 99 134 128 146 178 171 46 180 75 132 43 6 24 129 122 139 125 86 138 29 187 20 17 176 118 152 100 142 59 150 38 55 85 123 83 81 105 89 51 23 40 87 80 11 189 196 106 90 127 69 52 182 160 82 199 192 36 68 107 124 117 73 65 153 104 88 78 61 121 113 96 110 74 177 32 173 37 63 190 130 136 155 191 143 148 161 44 64 141 131 95 170 16 154 26 135 126 4 114 151 28 34 149 33 79 84 184 47 42 19 14 103 112 102 94 185 53 92 48 159 12 193 15 165 10 175 70 108 168 195 167 157 194 62 156 58 67 144 97 133 111 116 54 
4431 | 147.181505 | 41 183 22 164 98 93 172 174 57 186 91 115 101 49 2 45 39 3 60 147 140 77 145 137 21 179 120 166 71 72 50 30 7 8 119 162 0 1 27 18 163 188 169 9 109 198 181 66 158 31 35 25 13 5 76 56 197 99 134 128 146 178 171 46 180 75 132 43 6 24 129 122 139 125 86 138 29 187 20 17 176 118 152 100 142 59 150 38 55 85 123 83 81 105 89 51 23 40 87 80 11 189 196 106 90 127 69 52 182 160 82 199 192 135 68 107 124 117 73 65 153 104 88 78 61 121 113 96 110 74 177 32 173 37 63 190 130 136 155 191 143 148 161 44 64 141 131 95 170 16 154 26 36 126 4 114 151 28 34 149 33 79 84 184 47 42 19 14 103 112 102 94 185 53 92 48 159 12 193 15 165 10 175 70 108 168 195 167 157 194 62 156 58 67 144 97 133 111 116 54 
4659 | 146.791054 | 19 119 78 163 37 192 3 97 91 183 182 18 66 124 126 53 2 181 151 114 42 113 0 76 176 26 172 29 13 12 122 85 131 135 49 28 94 39 22 194 184 185 190 25 38 189 165 33 150 4 6 138 7 162 178 118 36 106 115 154 96 72 54 82 71 102 95 125 142 112 35 57 59 21 170 47 157 186 17 11 69 103 143 160 61 101 99 153 145 121 98 110 92 68 128 24 167 164 41 87 141 155 107 175 193 197 1 5 168 108 177 20 132 159 77 51 152 179 84 116 149 16 23 81 60 130 156 63 166 64 161 86 171 9 180 27 199 43 73 65 133 120 123 104 67 89 55 134 137 40 191 188 105 139 127 90 56 140 50 146 169 10 74 52 45 46 58 196 195 15 31 198 8 83 100 80 147 136 144 93 109 187 48 75 148 32 173 70 88 34 111 14 62 44 117 30 174 79 129 158 
5159 | 146.127231 | 19 119 78 163 37 192 3 97 91 183 182 18 66 124 126 53 2 181 151 114 42 113 0 76 176 26 172 29 13 12 122 85 131 135 49 28 94 39 22 194 184 185 190 25 38 189 165 33 150 4 6 138 7 162 178 118 36 106 115 154 96 72 54 82 71 102 95 125 142 112 35 57 59 21 170 47 157 186 17 11 69 103 143 160 61 101 99 153 145 121 98 110 92 68 128 24 167 164 41 87 141 155 107 175 193 197 1 5 168 108 177 20 132 159 77 51 152 179 84 116 149 16 23 81 60 130 156 63 166 64 161 86 171 9 180 27 199 43 73 65 133 120 123 104 67 89 55 134 137 40 191 188 105 139 127 90 56 140 50 146 117 10 74 52 45 46 58 196 195 15 31 198 8 83 100 80 147 136 144 93 109 187 48 75 148 32 173 70 88 34 111 14 62 44 169 30 174 79 129 158 
5359 | 145.487411 | 19 119 78 163 37 192 3 97 91 183 182 18 66 124 126 53 2 181 151 114 42 113 0 76 176 26 172 29 13 12 122 85 131 135 49 28 94 39 22 194 184 185 190 25 38 189 165 33 150 4 6 138 7 162 178 118 36 106 115 154 96 72 54 82 71 102 95 125 142 112 35 57 59 21 170 47 157 186 17 11 69 103 143 160 61 101 99 153 145 121 98 110 92 68 128 24 167 164 41 87 14 155 107 175 193 197 1 5 168 108 177 20 132 159 77 51 152 179 84 116 149 16 23 81 60 130 156 63 166 64 161 86 171 9 180 27 199 43 73 65 133 120 123 104 67 89 55 134 137 40 191 188 105 139 127 90 56 140 50 146 117 10 74 52 45 46 58 196 195 15 31 198 8 83 100 80 147 136 144 93 109 187 48 75 148 32 173 70 88 34 111 141 62 44 169 30 174 79 129 158 
6059 | 144.897473 | 19 119 78 163 37 192 3 97 91 183 182 18 66 124 126 53 2 181 151 114 42 113 0 71 176 26 172 29 13 12 122 85 131 135 49 28 94 39 22 194 184 185 190 25 38 189 165 33 150 4 6 138 7 162 178 118 36 106 115 154 96 72 54 82 76 102 95 125 142 112 35 57 59 21 170 47 157 186 17 11 69 103 143 160 61 101 99 153 145 121 98 110 92 68 128 24 167 164 41 87 14 155 107 175 193 197 1 5 168 108 177 20 132 159 77 51 152 179 84 116 149 16 23 81 60 130 156 63 166 64 161 86 171 9 180 27 199 43 73 65 133 120 123 104 67 89 55 134 137 40 191 188 105 139 127 90 56 140 50 146 117 10 74 52 45 46 58 196 195 15 31 198 8 83 100 80 147 136 144 93 109 187 48 75 148 32 173 70 88 34 111 141 62 44 169 30 174 79 129 158 
6159 | 144.126770 | 19 119 78 163 37 192 3 97 91 183 182 18 66 124 126 53 2 181 151 114 42 113 0 71 176 26 172 29 13 12 122 85 131 135 49 28 94 39 22 194 184 185 190 25 38 189 165 33 150 4 6 138 7 162 178 118 36 106 115 154 96 72 54 82 76 102 95 125 142 112 35 57 59 21 170 47 157 186 17 11 69 103 143 160 61 101 99 153 145 121 98 110 92 68 128 24 167 164 41 87 14 155 107 175 193 197 1 5 168 108 177 20 132 159 77 51 152 179 84 116 149 16 23 81 60 130 79 63 166 64 161 86 171 9 180 27 199 43 73 65 133 120 123 104 67 89 55 134 137 40 191 188 105 139 127 90 56 140 50 146 117 10 74 52 45 46 58 196 195 15 31 198 8 83 100 80 147 136 144 93 109 187 48 75 148 32 173 70 88 34 111 141 62 44 169 30 174 156 129 158 
6359 | 142.130323 | 19 119 78 163 37 192 3 97 91 183 182 18 66 124 126 53 2 181 151 114 42 113 0 71 176 26 172 29 13 12 122 85 131 135 49 28 94 39 22 194 184 185 190 25 38 189 165 33 150 4 6 138 7 162 178 118 36 106 115 154 96 72 54 82 76 102 95 125 142 112 35 57 59 21 170 47 157 186 17 11 69 103 143 160 61 101 99 153 145 121 98 110 92 68 128 24 167 164 41 87 14 75 107 175 193 197 1 5 168 108 177 20 132 159 77 51 152 179 84 116 149 16 23 81 60 130 79 63 166 64 161 86 171 9 180 27 199 43 73 65 133 120 123 104 67 89 55 134 137 40 191 188 105 139 127 90 56 140 50 146 117 10 74 52 45 46 58 196 195 15 31 198 8 83 100 80 147 136 144 93 109 187 48 155 148 32 173 70 88 34 111 141 62 44 169 30 174 156 129 158 
6759 | 142.130083 | 19 119 78 163 37 192 3 97 91 183 182 18 66 124 126 53 2 181 151 114 42 113 0 71 176 26 172 29 13 12 122 85 131 135 49 28 94 39 22 194 184 185 190 25 38 189 165 33 150 4 6 138 7 162 178 118 36 106 115 154 96 72 54 82 76 102 95 125 142 112 35 57 59 21 170 47 157 186 17 11 69 103 143 160 61 101 99 153 145 121 98 110 92 68 128 24 167 164 41 87 14 75 107 175 193 197 1 5 168 108 177 20 132 159 77 51 152 179 84 116 149 16 23 81 60 130 79 63 166 64 161 86 171 9 180 27 199 43 73 65 133 120 123 104 67 89 55 134 137 40 191 188 105 139 127 90 56 140 50 146 117 10 74 52 45 46 58 196 195 15 31 198 8 83 100 80 147 136 144 93 109 187 48 155 148 169 173 70 88 34 111 141 62 44 32 30 174 156 129 158 
6859 | 141.603275 | 19 119 78 163 37 192 3 97 91 183 182 18 66 124 126 53 2 181 151 114 42 113 0 71 176 26 172 29 13 12 122 85 131 135 49 28 94 39 22 194 184 185 190 25 38 189 165 33 150 4 6 138 7 162 178 118 36 106 115 154 96 72 54 82 76 102 95 125 142 112 35 57 59 21 170 47 157 186 17 11 69 103 143 160 61 101 99 153 145 121 98 110 92 68 128 24 167 164 41 87 14 75 107 175 193 197 1 5 168 108 177 20 132 127 77 51 152 179 84 116 149 16 23 81 60 130 79 63 166 64 161 86 171 9 180 27 199 43 73 65 133 120 123 104 67 89 55 134 137 40 191 188 105 139 159 90 56 140 50 146 117 10 74 52 45 46 58 196 195 15 31 198 8 83 100 80 147 136 144 93 109 187 48 155 148 169 173 70 88 34 111 141 62 44 32 30 174 156 129 158 
7459 | 140.864529 | 19 119 78 163 37 192 3 97 91 183 182 18 66 124 126 53 2 181 151 114 42 113 104 71 176 26 172 29 13 12 122 85 131 135 49 28 94 39 22 194 184 185 190 25 38 189 165 33 150 4 6 138 7 162 178 118 36 106 115 154 96 72 54 82 76 102 95 125 142 112 35 57 59 21 170 47 157 186 17 11 69 103 143 160 61 101 99 153 145 121 98 110 92 68 128 24 167 164 41 87 14 75 107 175 193 197 1 5 168 108 177 20 132 127 77 51 152 179 84 116 149 16 23 81 60 130 79 63 166 64 161 86 171 9 180 27 199 43 73 65 133 120 123 0 67 89 55 134 137 40 191 188 105 139 159 90 56 140 50 146 117 10 74 52 45 46 58 196 195 15 31 198 8 83 100 80 147 136 144 93 109 187 48 155 148 169 173 70 88 34 111 141 62 44 32 30 174 156 129 158 
7559 | 140.617323 | 19 119 78 163 37 192 3 97 91 183 182 18 66 124 126 53 2 181 151 114 42 113 104 71 176 26 172 29 13 12 122 85 131 135 49 28 94 39 22 194 184 185 190 25 38 189 165 33 150 4 6 138 7 162 178 118 36 149 115 154 96 72 54 82 76 102 95 125 142 112 35 57 59 21 170 47 157 186 17 11 69 103 143 160 61 101 99 153 145 121 98 110 92 68 128 24 167 164 41 87 14 75 107 175 193 197 1 5 168 108 177 20 132 127 77 51 152 179 84 116 106 16 23 81 60 130 79 63 166 64 161 86 171 9 180 27 199 43 73 65 133 120 123 0 67 89 55 134 137 40 191 188 105 139 159 90 56 140 50 146 117 10 74 52 45 46 58 196 195 15 31 198 8 83 100 80 147 136 144 93 109 187 48 155 148 169 173 70 88 34 111 141 62 44 32 30 174 156 129 158 
8459 | 140.295377 | 19 119 78 163 37 192 3 97 91 183 182 18 66 124 126 53 2 181 151 114 42 113 104 71 176 26 172 29 13 12 122 85 131 135 49 28 94 39 22 194 184 185 190 25 38 189 165 33 150 4 6 138 7 162 178 118 36 149 115 154 96 72 54 82 76 102 95 125 142 80 35 57 59 21 170 47 157 186 17 11 69 103 143 160 61 101 99 153 145 121 98 110 92 68 128 24 167 164 41 87 14 75 107 175 193 197 1 5 168 108 177 20 132 127 77 51 152 179 84 116 106 16 23 81 60 130 79 63 166 64 161 86 171 9 180 27 199 43 73 65 133 120 123 0 67 89 55 134 137 40 191 188 105 139 159 90 56 140 50 146 117 10 74 52 45 46 58 196 195 15 31 198 8 83 100 112 147 136 144 93 109 187 48 155 148 169 173 70 88 34 111 141 62 44 32 30 174 156 129 158 
8659 | 140.082396 | 19 119 78 163 37 192 3 97 91 183 182 18 66 124 126 53 2 181 151 114 42 113 68 71 176 26 172 29 13 12 122 85 131 135 49 28 94 39 22 194 184 185 190 25 38 189 165 33 150 4 6 138 7 162 178 118 36 149 115 154 96 72 54 82 76 102 95 125 142 80 35 57 59 21 170 47 157 186 17 11 69 103 143 160 61 101 99 153 145 121 98 110 92 104 128 24 167 164 41 87 14 75 107 175 193 197 1 5 168 108 177 20 132 127 77 51 152 179 84 116 106 16 23 81 60 130 79 63 166 64 161 86 171 9 180 27 199 43 73 65 133 120 123 0 67 89 55 134 137 40 191 188 105 139 159 90 56 140 50 146 117 10 74 52 45 46 58 196 195 15 31 198 8 83 100 112 147 136 144 93 109 187 48 155 148 169 173 70 88 34 111 141 62 44 32 30 174 156 129 158 
8866 | 139.169095 | 196 104 179 169 186 68 58 81 80 188 144 139 163 193 24 7 191 49 141 75 168 51 83 102 99 62 41 94 133 12 164 153 53 189 174 70 159 76 77 131 151 45 187 5 20 13 57 31 28 27 158 63 30 38 157 166 60 73 126 113 82 29 101 14 185 125 150 88 121 128 67 26 50 25 195 152 140 48 69 105 90 192 33 132 97 59 44 32 156 0 155 61 65 138 172 3 22 40 194 184 35 161 111 106 175 165 108 143 86 119 74 120 91 177 154 180 15 171 170 162 127 84 197 17 37 23 109 85 123 112 110 55 103 43 145 136 114 66 116 199 6 183 10 96 117 149 21 16 178 100 173 160 124 130 36 34 79 92 95 115 72 93 8 176 190 18 198 118 142 122 42 52 2 11 46 148 146 19 181 89 135 98 107 78 129 64 134 39 167 47 87 54 1 4 137 56 182 9 71 147 
8966 | 139.008871 | 196 104 179 169 186 68 58 81 80 188 144 139 163 193 24 7 191 49 141 75 168 51 83 102 99 62 41 94 133 12 164 153 53 189 174 70 159 76 77 131 151 45 187 5 20 13 57 31 28 27 158 63 30 38 157 166 60 73 126 113 82 29 101 14 185 125 150 88 121 128 67 26 50 25 195 152 140 48 69 105 90 180 33 132 97 59 44 32 156 0 155 61 65 138 172 3 22 40 194 184 35 161 111 106 175 165 108 143 86 119 74 120 91 177 154 192 15 171 170 162 127 84 197 17 37 23 109 85 123 112 110 55 103 43 145 136 114 66 116 199 6 183 10 96 117 149 21 16 178 100 173 160 124 130 36 34 79 92 95 115 72 93 8 176 190 18 198 118 142 122 42 52 2 11 46 148 146 19 181 89 135 98 107 78 129 64 134 39 167 47 87 54 1 4 137 56 182 9 71 147 
9066 | 138.921887 | 196 104 179 169 186 68 58 81 80 188 144 139 163 193 24 7 191 49 141 75 168 51 83 102 99 62 41 94 133 12 164 153 53 189 174 70 159 76 77 131 151 45 187 5 20 13 57 31 28 27 158 63 30 38 157 166 60 73 126 113 82 29 101 14 185 125 150 88 121 128 67 26 50 25 195 152 140 48 69 105 90 180 33 132 97 59 44 32 156 0 43 61 65 138 172 3 22 40 194 184 35 161 111 106 175 165 108 143 86 119 74 120 91 177 154 192 15 171 170 162 127 84 197 17 37 23 109 85 123 112 110 55 103 155 145 136 114 66 116 199 6 183 10 96 117 149 21 16 178 100 173 160 124 130 36 34 79 92 95 115 72 93 8 176 190 18 198 118 142 122 42 52 2 11 46 148 146 19 181 89 135 98 107 78 129 64 134 39 167 47 87 54 1 4 137 56 182 9 71 147 
9466 | 138.655450 | 196 104 179 169 186 68 58 81 80 188 144 139 163 193 24 7 191 49 141 75 168 51 83 102 99 62 41 94 133 12 164 153 53 189 174 70 159 76 77 131 151 45 187 5 20 13 57 31 28 27 158 63 30 38 157 166 60 73 126 113 82 29 101 14 185 125 78 88 121 128 67 26 50 25 195 152 140 48 69 105 90 180 33 132 97 59 44 32 156 0 43 61 65 138 172 3 22 40 194 184 35 161 111 106 175 165 108 143 86 119 74 120 91 177 154 192 15 171 170 162 127 84 197 17 37 23 109 85 123 112 110 55 103 155 145 136 114 66 116 199 6 183 10 96 117 149 21 16 178 100 173 160 124 130 36 34 79 92 95 115 72 93 8 176 190 18 198 118 142 122 42 52 2 11 46 148 146 19 181 89 135 98 107 150 129 64 134 39 167 47 87 54 1 4 137 56 182 9 71 147 
9566 | 138.602528 | 196 104 179 169 186 68 58 81 80 188 144 139 163 193 24 7 191 49 141 75 168 51 83 102 99 62 41 94 133 12 164 153 148 189 174 70 159 76 77 131 151 45 187 5 20 13 57 31 28 27 158 63 30 38 157 166 60 73 126 113 82 29 101 14 185 125 78 88 121 128 67 26 50 25 195 152 140 48 69 105 90 180 33 132 97 59 44 32 156 0 43 61 65 138 172 3 22 40 194 184 35 161 111 106 175 165 108 143 86 119 74 120 91 177 154 192 15 171 170 162 127 84 197 17 37 23 109 85 123 112 110 55 103 155 145 136 114 66 116 199 6 183 10 96 117 149 21 16 178 100 173 160 124 130 36 34 79 92 95 115 72 93 8 176 190 18 198 118 142 122 42 52 2 11 46 53 146 19 181 89 135 98 107 150 129 64 134 39 167 47 87 54 1 4 137 56 182 9 71 147 
9966 | 138.392280 | 196 104 179 169 186 68 58 81 80 188 144 139 163 193 24 7 191 49 141 75 168 51 83 102 99 62 41 94 133 12 164 153 148 189 174 70 159 76 77 131 151 45 187 5 20 13 57 31 28 27 158 63 30 38 157 166 60 73 126 113 82 29 101 14 185 125 78 88 121 128 67 26 50 25 195 152 140 48 69 105 90 180 33 132 97 59 44 32 156 0 43 61 65 138 172 3 22 40 194 184 35 161 111 106 175 165 137 143 86 119 74 120 91 177 154 192 15 171 170 162 127 84 197 17 37 23 109 85 123 112 110 55 103 155 145 136 114 66 116 199 6 183 10 96 117 149 21 16 178 100 173 160 124 130 36 34 79 92 95 115 72 93 8 176 190 18 198 118 142 122 42 52 2 11 46 53 146 19 181 89 135 98 107 150 129 64 134 39 167 47 87 54 1 4 108 56 182 9 71 147 
10060 | 138.047799 | 72 69 76 108 93 11 70 174 26 123 95 102 179 77 67 111 97 83 78 90 196 194 56 156 99 116 165 151 170 160 137 106 135 181 37 173 10 7 161 31 32 188 21 36 155 147 19 101 12 34 50 143 43 71 60 9 84 119 178 164 58 28 175 195 88 193 25 176 74 73 172 187 197 27 62 91 98 107 113 87 199 18 157 159 6 46 129 177 35 185 103 5 64 130 152 79 14 183 140 142 168 29 139 112 8 182 162 186 124 134 45 154 38 115 146 59 86 131 65 89 94 96 92 110 125 53 122 66 145 158 109 24 136 127 75 198 15 141 80 48 144 82 138 121 166 20 169 13 171 167 68 153 23 81 17 192 184 51 22 16 1 0 3 39 4 190 117 118 42 55 100 105 132 2 189 191 57 148 54 52 41 40 150 149 44 33 163 133 180 47 49 30 61 120 114 104 85 128 126 63 
10266 | 137.663236 | 196 104 179 169 186 68 58 81 80 188 144 139 163 193 24 7 191 49 141 75 168 51 83 102 99 62 41 94 133 12 164 153 148 189 174 70 159 76 77 131 151 29 187 5 20 13 57 31 28 27 158 63 30 38 157 166 60 73 126 113 82 45 101 14 185 125 78 88 121 128 67 26 50 25 195 152 140 48 69 105 90 180 33 132 97 59 44 32 156 0 43 61 65 138 172 3 22 40 194 184 35 161 111 106 146 165 137 143 86 119 74 120 91 177 154 192 15 171 170 162 127 84 197 17 37 23 109 85 123 112 110 55 103 155 145 136 114 66 116 199 6 183 10 96 117 149 21 16 178 100 173 160 124 130 36 34 79 92 95 115 72 93 8 176 190 18 198 118 142 122 42 52 2 11 46 53 175 19 181 89 135 98 107 150 129 64 134 39 167 47 87 54 1 4 108 56 182 9 71 147 
10566 | 136.946956 | 196 104 179 169 186 68 58 81 80 188 144 139 163 193 24 7 191 49 141 75 168 51 83 102 99 62 41 94 133 12 164 153 148 189 174 70 159 76 77 131 151 29 187 5 20 13 57 31 28 27 158 63 30 38 157 166 60 73 126 113 82 45 101 14 185 125 78 88 121 128 67 150 50 25 195 152 140 48 69 105 90 180 33 132 97 59 44 32 156 0 43 61 65 138 172 3 22 40 194 184 35 161 111 106 146 165 137 143 86 119 74 120 91 177 154 192 15 171 170 162 127 84 197 17 37 23 109 85 123 112 110 55 103 155 145 136 114 66 116 199 6 183 10 96 117 149 21 16 178 100 173 160 124 130 36 34 79 92 95 115 72 93 8 176 190 18 198 118 142 122 42 52 2 11 46 53 175 19 181 89 135 98 107 26 129 64 134 39 167 47 87 54 1 4 108 56 182 9 71 147 
10859 | 136.804953 | 19 119 78 163 37 192 3 97 91 183 182 18 66 124 126 53 2 181 151 114 42 113 68 71 176 26 172 29 13 12 122 85 131 135 49 28 94 101 22 194 184 185 190 25 38 189 165 33 150 4 6 138 7 162 178 118 36 149 59 154 96 72 54 82 76 102 95 125 142 80 35 57 115 21 170 47 157 186 17 11 69 103 143 160 61 63 14 153 145 121 98 110 92 104 128 24 167 164 41 87 99 75 107 175 193 197 1 5 168 108 177 20 132 127 77 51 152 179 84 116 106 16 23 81 60 130 79 39 166 64 161 86 171 9 180 27 199 43 73 65 133 120 123 0 67 89 55 134 137 40 191 188 105 139 159 90 56 140 50 146 117 10 74 52 45 46 58 196 195 15 31 198 8 83 100 112 147 136 144 93 109 187 48 155 148 169 173 70 88 34 111 141 62 44 32 30 174 156 129 158 
11133 | 136.219716 | 64 128 172 14 67 58 3 68 26 57 166 12 154 45 152 155 159 52 171 181 178 134 193 118 185 6 4 24 182 164 111 98 25 165 99 132 35 175 101 88 90 65 125 22 11 36 183 177 17 60 0 143 122 74 168 13 190 34 66 27 149 54 148 48 153 116 91 96 120 102 85 150 50 115 31 123 53 124 144 56 30 179 161 167 192 103 108 196 39 23 79 87 113 81 117 82 97 140 62 137 32 76 145 114 83 55 142 75 130 106 174 18 127 84 94 93 61 100 2 8 157 156 46 126 133 69 135 44 162 131 77 139 170 180 184 40 197 51 59 86 105 104 195 10 169 33 47 63 189 41 38 49 109 121 92 198 7 112 72 89 19 146 138 160 78 110 95 80 199 107 141 136 119 29 37 176 42 15 21 173 187 5 163 147 158 186 9 70 151 194 191 16 188 71 20 129 73 28 1 43 
11160 | 136.011057 | 72 69 76 108 93 11 70 174 26 123 95 102 179 77 67 111 97 83 78 65 196 194 56 156 99 116 165 151 170 160 137 106 135 181 37 173 10 7 161 31 32 188 21 36 155 167 19 101 12 34 50 143 43 71 60 9 84 119 178 164 168 28 175 195 88 193 25 176 74 73 172 187 197 27 62 91 98 107 113 87 199 18 157 159 6 46 129 177 35 185 103 5 64 130 152 79 14 183 140 142 58 29 139 112 8 182 162 186 124 134 45 154 38 115 146 59 86 131 90 89 94 96 92 110 125 53 122 66 145 158 109 24 136 127 75 198 15 141 80 48 144 82 138 121 166 20 169 13 171 147 68 153 23 81 17 192 184 51 22 16 1 0 3 39 4 190 117 118 42 55 100 105 132 2 189 191 57 148 54 52 41 40 150 149 44 33 163 133 180 47 49 30 61 120 114 104 85 128 126 63 
11366 | 135.661589 | 196 104 179 169 186 68 58 81 80 188 144 139 163 193 177 7 191 49 141 75 168 51 83 102 99 62 41 94 133 12 164 153 148 189 174 70 159 76 77 131 151 29 187 5 20 13 57 31 28 27 158 63 30 38 157 166 103 73 126 113 82 45 101 14 185 125 78 88 121 128 67 150 50 25 195 152 140 48 69 105 90 180 33 132 97 59 44 32 156 0 43 61 65 138 172 3 22 40 194 184 35 161 111 106 146 165 137 143 86 119 74 120 91 24 154 192 15 171 170 162 127 84 197 17 37 23 109 85 123 112 110 55 60 155 145 136 114 66 116 199 6 183 10 96 117 149 21 16 178 100 173 160 124 130 36 34 79 92 95 115 72 93 8 176 190 18 198 118 142 122 42 52 2 11 46 53 175 19 181 89 135 98 107 26 129 64 134 39 167 47 87 54 1 4 108 56 182 9 71 147 
11433 | 135.475347 | 64 128 172 14 67 58 3 68 26 57 166 12 154 45 152 155 159 52 171 181 178 134 193 118 185 6 4 24 182 164 111 98 25 165 99 132 35 175 101 88 90 65 125 22 11 36 183 177 17 46 0 143 122 74 168 13 190 34 66 27 149 54 148 48 153 116 91 96 120 102 85 150 50 115 31 123 53 124 144 56 30 179 161 167 192 103 108 196 39 23 79 87 113 81 117 82 97 140 62 137 32 76 145 114 83 55 142 75 130 106 174 18 127 84 94 93 61 100 2 8 157 156 60 126 133 69 135 44 162 131 77 139 170 180 184 40 197 51 59 86 105 104 195 10 169 33 47 63 189 41 38 49 109 121 92 198 7 112 72 89 19 146 138 160 78 110 95 80 199 107 141 136 119 29 37 176 42 15 21 173 187 5 163 147 158 186 9 70 151 194 191 16 188 71 20 129 73 28 1 43 
11566 | 135.459703 | 196 104 179 169 186 68 58 81 80 188 144 139 163 193 177 7 191 49 141 75 168 51 83 102 99 62 41 94 133 12 164 153 148 189 174 70 159 76 77 131 151 29 187 5 20 13 57 31 28 27 158 63 30 38 157 166 103 73 126 113 82 45 101 14 185 125 78 88 121 128 67 150 50 25 195 152 140 48 69 105 90 180 33 132 97 59 44 32 156 0 43 61 65 138 172 3 22 40 194 184 35 161 111 106 146 165 137 143 86 119 74 120 91 24 154 192 15 171 170 162 127 84 197 17 37 23 109 85 123 112 110 55 60 155 145 136 114 66 116 183 6 199 10 96 117 149 21 16 178 100 173 160 124 130 36 34 79 92 95 115 72 93 8 176 190 18 198 118 142 122 42 52 2 11 46 53 175 19 181 89 135 98 107 26 129 64 134 39 167 47 87 54 1 4 108 56 182 9 71 147 
11666 | 135.292535 | 196 104 179 4 186 68 58 81 80 188 144 139 163 193 177 7 191 49 141 75 168 51 83 102 99 62 41 94 133 12 164 153 148 189 174 70 159 76 77 131 151 29 187 5 20 13 57 31 28 27 158 63 30 38 157 166 103 73 126 113 82 45 101 14 185 125 78 88 121 128 67 150 50 25 195 152 140 48 69 105 90 180 33 132 97 59 44 32 156 0 43 61 65 138 172 3 22 40 194 184 35 161 111 106 146 165 137 143 86 119 74 120 91 24 154 192 15 171 170 162 127 84 197 17 37 23 109 85 123 112 110 55 60 155 145 136 114 66 116 183 6 199 10 96 117 149 21 16 178 100 173 160 124 130 36 34 79 92 95 115 72 93 8 176 190 18 198 118 142 122 42 52 2 11 46 53 175 19 181 89 135 98 107 26 129 64 134 39 167 47 87 54 1 169 108 56 182 9 71 147 
11859 | 133.390000 | 19 119 78 163 37 192 3 97 91 183 182 18 66 124 126 53 2 181 151 114 42 113 68 71 176 26 172 29 13 12 122 85 131 135 49 28 94 101 22 194 184 185 190 25 38 189 165 33 150 4 6 138 7 162 178 118 36 149 59 154 96 72 54 82 76 102 95 144 142 80 35 57 115 21 170 47 157 186 17 11 69 103 143 160 61 63 14 153 145 121 98 110 92 104 128 24 167 164 41 87 99 75 107 175 193 197 1 5 168 108 177 20 132 127 77 51 152 179 84 116 106 16 23 81 60 130 79 39 166 64 161 86 171 9 180 27 199 43 73 65 133 120 123 0 67 89 55 134 137 40 191 188 105 139 159 90 56 140 50 146 117 10 187 52 45 46 58 196 195 15 31 198 8 83 100 112 147 136 125 93 109 74 48 155 148 169 173 70 88 34 111 141 62 44 32 30 174 156 129 158 
11959 | 133.380560 | 19 119 78 163 37 192 195 97 91 183 182 18 66 124 126 53 2 181 151 114 42 113 68 71 176 26 172 29 13 12 122 85 131 135 49 28 94 101 22 194 184 185 190 25 38 189 165 33 150 4 6 138 7 162 178 118 36 149 59 154 96 72 54 82 76 102 95 144 142 80 35 57 115 21 170 47 157 186 17 11 69 103 143 160 61 63 14 153 145 121 98 110 92 104 128 24 167 164 41 87 99 75 107 175 193 197 1 5 168 108 177 20 132 127 77 51 152 179 84 116 106 16 23 81 60 130 79 39 166 64 161 86 171 9 180 27 199 43 73 65 133 120 123 0 67 89 55 134 137 40 191 188 105 139 159 90 56 140 50 146 117 10 187 52 45 46 58 196 3 15 31 198 8 83 100 112 147 136 125 93 109 74 48 155 148 169 173 70 88 34 111 141 62 44 32 30 174 156 129 158 
12159 | 132.857130 | 19 119 78 163 37 192 195 97 91 183 182 18 66 124 126 53 2 181 151 114 42 113 68 71 176 26 172 29 13 12 122 69 131 135 49 28 94 101 22 194 184 185 190 25 38 189 165 33 150 4 6 138 7 162 178 118 36 149 59 154 96 72 54 82 76 102 95 144 142 80 35 57 115 21 170 47 157 186 17 11 85 103 143 160 61 63 14 153 145 121 98 110 92 104 128 24 167 164 41 87 99 75 107 175 193 197 1 5 168 108 177 20 132 127 77 51 152 179 84 116 106 16 23 81 60 130 79 39 166 64 161 86 171 9 180 27 199 43 73 65 133 120 123 0 67 89 55 134 137 40 191 188 105 139 159 90 56 140 50 146 117 10 187 52 45 46 58 196 3 15 31 198 8 83 100 112 147 136 125 93 109 74 48 155 148 169 173 70 88 34 111 141 62 44 32 30 174 156 129 158 
12359 | 132.559676 | 19 119 78 163 37 192 195 97 91 183 182 18 66 124 126 53 2 181 151 114 42 113 68 71 176 26 172 29 13 12 122 69 131 135 49 28 94 101 22 194 184 185 190 25 38 189 165 33 150 4 6 138 7 162 178 118 36 149 59 154 96 72 54 82 76 102 95 144 142 80 35 57 115 21 170 47 157 186 17 11 85 103 143 160 61 63 14 153 145 121 98 110 92 104 128 24 167 164 41 87 99 75 107 175 193 197 1 5 168 108 177 20 132 127 77 58 152 179 84 116 106 16 23 81 60 130 79 39 166 64 161 86 171 9 180 27 199 43 73 65 133 120 123 0 67 89 55 134 137 40 191 188 105 139 159 90 56 140 50 146 117 10 187 52 45 46 51 196 3 15 31 198 8 83 100 112 147 136 125 93 109 74 48 155 148 169 173 70 88 34 111 141 62 44 32 30 174 156 129 158 
12959 | 132.557606 | 19 119 78 163 37 192 195 97 91 183 182 18 66 124 126 53 2 181 151 114 42 113 68 71 176 26 172 29 13 12 122 69 131 135 49 28 94 101 22 194 184 185 190 25 38 189 165 33 150 4 6 138 7 162 178 118 36 149 59 154 96 72 54 82 76 102 95 144 142 80 35 57 115 21 170 47 157 186 17 11 85 103 143 160 61 63 14 153 145 121 98 110 92 104 128 24 167 164 41 87 99 75 107 175 193 197 1 5 168 108 177 20 132 127 77 58 152 179 84 116 106 16 23 81 60 130 79 39 166 64 161 86 171 9 180 27 199 43 73 65 133 120 123 0 67 89 55 134 137 40 191 188 105 139 159 88 56 140 50 146 117 10 187 52 45 46 51 196 3 15 31 198 8 83 100 112 147 136 125 93 109 74 48 155 148 169 173 70 90 34 111 141 62 44 32 30 174 156 129 158 
13110 | 131.252711 | 169 76 18 24 178 12 174 198 82 160 112 111 124 116 121 51 25 33 65 40 30 165 89 114 117 115 43 133 104 80 92 94 54 152 5 159 67 46 176 36 163 154 155 150 61 120 102 81 98 68 70 158 149 6 113 126 166 16 192 146 136 183 13 3 141 132 194 38 41 138 186 197 193 162 20 156 45 151 26 44 60 56 71 58 144 157 86 123 139 42 79 73 127 182 168 10 167 97 131 62 55 28 17 47 66 161 63 83 145 109 101 96 140 72 110 95 90 107 87 69 74 88 75 15 91 171 185 184 130 64 9 22 134 23 129 108 128 84 180 52 57 190 189 195 78 11 1 2 77 177 153 147 142 125 173 179 19 175 181 106 29 53 135 8 14 93 118 50 103 191 21 35 31 39 172 196 199 188 4 148 48 170 49 164 0 137 143 59 105 100 34 32 122 119 85 99 7 187 37 27 
13159 | 130.650914 | 19 119 78 163 37 192 195 97 91 183 182 18 66 124 126 53 2 181 151 114 42 113 68 71 176 26 172 29 13 12 122 69 131 135 49 28 94 101 22 194 184 185 190 25 38 189 165 33 150 4 6 138 43 162 178 118 36 149 59 154 96 72 54 82 76 102 95 144 142 80 35 57 115 21 170 47 157 186 17 11 85 103 143 160 61 63 14 153 145 121 98 110 92 104 128 24 167 164 41 87 99 75 107 175 193 197 1 5 168 108 177 20 132 127 77 58 152 179 84 116 106 16 23 81 60 130 79 39 166 64 161 86 171 9 180 27 199 7 73 65 133 120 123 0 67 89 55 134 137 40 191 188 105 139 159 88 56 140 50 146 117 10 187 52 45 46 51 196 3 15 31 198 8 83 100 112 147 136 125 93 109 74 48 155 148 169 173 70 90 34 111 141 62 44 32 30 174 156 129 158 
13310 | 130.431245 | 169 76 18 24 178 12 174 198 82 160 112 111 124 116 121 51 25 33 65 40 30 165 89 114 117 115 43 133 104 80 92 94 54 152 5 159 67 46 176 36 163 154 155 150 61 120 102 81 98 68 70 158 149 6 113 126 166 16 192 146 136 183 13 3 141 132 194 38 41 138 186 197 193 162 20 156 45 151 26 44 60 56 71 58 144 157 86 123 139 42 29 73 127 182 168 10 167 97 131 62 55 28 17 47 66 161 63 83 145 109 101 96 140 72 110 95 90 107 87 69 74 88 75 15 91 171 185 184 130 64 9 22 134 23 129 108 128 84 180 52 57 190 189 195 78 11 1 2 77 177 153 147 142 125 173 179 19 175 181 106 79 53 135 8 14 93 118 50 103 191 21 35 31 39 172 196 199 188 4 148 48 170 49 164 0 137 143 59 105 100 34 32 122 119 85 99 7 187 37 27 
13510 | 129.827810 | 169 76 18 24 178 12 174 198 82 160 112 111 124 116 121 51 25 33 65 40 30 165 89 114 117 115 43 133 104 80 92 94 54 152 5 159 67 46 176 36 163 154 155 150 61 120 102 81 98 68 70 158 149 6 113 126 166 16 192 125 136 183 13 3 141 132 194 38 41 138 186 197 193 162 20 156 45 151 26 44 60 56 71 58 144 157 86 123 139 42 29 73 127 182 168 10 167 97 131 62 55 28 17 47 66 161 63 83 145 109 101 96 140 72 110 95 90 107 87 69 74 88 75 15 91 171 185 184 130 64 9 22 134 23 129 108 128 84 180 52 57 190 189 195 78 11 1 2 77 177 153 147 142 146 173 179 19 175 181 106 79 53 135 8 14 93 118 50 103 191 21 35 31 39 172 196 199 188 4 148 48 170 49 164 0 137 143 59 105 100 34 32 122 119 85 99 7 187 37 27 
13810 | 129.778312 | 169 76 18 24 178 12 174 198 82 160 112 111 124 116 121 51 25 33 65 40 30 165 89 114 117 115 43 133 104 80 92 94 54 152 5 159 67 46 176 36 163 154 155 150 61 120 102 81 98 68 70 158 149 6 113 126 166 16 192 125 136 183 13 3 141 132 194 38 41 138 186 197 193 162 20 156 45 151 26 44 60 56 71 58 144 157 86 123 139 42 29 73 127 182 168 10 167 97 131 62 55 28 17 47 66 161 63 83 145 109 101 96 140 72 108 95 90 107 87 69 74 88 75 15 91 171 185 184 130 64 9 22 134 23 129 110 128 84 180 52 57 190 189 195 78 11 1 2 77 177 153 147 142 146 173 179 19 175 181 106 79 53 135 8 14 93 118 50 103 191 21 35 31 39 172 196 199 188 4 148 48 170 49 164 0 137 143 59 105 100 34 32 122 119 85 99 7 187 37 27 
14024 | 129.571898 | 82 150 67 158 12 14 22 192 59 170 24 23 69 121 114 15 178 2 120 88 177 122 62 167 46 107 16 132 98 128 40 172 25 35 63 74 66 76 56 134 43 188 191 199 5 91 84 73 27 28 118 85 86 89 97 173 48 72 42 79 30 123 104 100 61 137 21 19 4 13 163 44 169 29 70 106 148 37 18 93 110 176 182 187 131 133 185 26 64 68 94 33 139 138 141 157 175 168 145 135 159 166 41 55 162 34 113 81 49 149 52 142 102 103 140 53 36 171 136 7 6 153 151 51 90 109 75 143 101 99 174 71 160 38 111 8 78 119 108 129 127 115 95 92 45 39 154 0 105 58 60 124 116 83 96 50 54 117 87 164 196 125 130 77 3 161 180 181 179 1 144 57 65 112 80 197 184 32 152 155 47 183 9 20 189 195 194 10 147 156 31 193 11 146 190 165 126 17 198 186 
14150 | 128.091387 | 19 24 37 15 95 137 97 101 154 185 177 0 16 66 96 65 160 166 190 5 163 55 195 181 58 198 188 43 67 78 116 123 125 114 87 42 161 143 69 108 133 57 147 106 152 35 180 176 10 169 168 193 165 63 74 81 64 99 56 92 120 118 86 94 132 79 104 121 142 30 7 171 136 90 122 199 175 194 162 46 27 167 61 23 51 84 135 50 158 159 32 52 140 49 40 156 29 28 72 131 76 4 187 9 20 192 164 128 75 85 112 11 98 129 110 68 14 8 71 141 127 111 102 103 109 153 82 89 1 191 6 155 80 100 105 17 151 38 186 73 48 148 107 93 126 157 44 59 197 3 22 184 134 144 39 13 189 119 178 113 45 54 115 88 83 47 138 91 25 174 36 21 12 173 18 60 41 124 130 77 196 53 70 34 33 146 117 62 139 150 170 26 145 31 183 179 182 2 172 149 
14310 | 126.521378 | 169 76 18 24 178 12 174 198 82 160 112 111 124 116 121 51 25 33 65 40 30 165 89 114 117 115 43 133 104 80 92 94 54 152 5 159 67 46 176 36 163 154 155 150 61 120 102 81 98 68 70 158 149 6 113 126 166 16 192 125 136 183 13 3 141 132 194 38 41 138 186 197 193 162 20 156 45 151 26 44 60 56 71 58 144 157 86 123 139 42 29 73 127 182 168 10 167 97 131 62 55 28 17 47 66 161 63 50 145 109 101 96 140 72 108 95 90 107 87 69 74 88 75 15 91 171 185 184 130 64 9 22 134 23 129 110 128 84 180 52 57 190 189 195 78 11 1 2 77 177 153 147 142 146 173 179 19 175 181 106 79 53 135 8 14 93 118 83 103 191 21 35 31 39 172 196 199 188 4 148 48 170 49 164 0 137 143 59 105 100 34 32 122 119 85 99 7 187 37 27 
15110 | 125.741529 | 169 76 18 24 178 12 174 198 82 160 112 111 124 116 121 51 25 33 65 40 30 165 89 114 117 115 43 133 104 80 92 94 54 152 5 159 67 46 176 36 163 154 155 150 61 120 102 81 98 68 70 158 149 6 113 126 166 16 192 125 136 183 13 3 141 132 194 38 41 138 186 197 193 162 20 156 45 151 26 44 60 56 71 58 144 157 86 123 139 42 29 161 127 182 168 10 167 97 131 62 55 28 17 47 66 73 63 50 145 109 101 96 140 72 108 95 90 107 87 69 74 88 75 15 91 171 185 184 130 64 9 22 134 23 129 110 128 84 180 52 57 190 189 195 78 11 1 2 77 177 153 147 142 146 173 179 19 175 181 106 79 53 135 8 14 93 118 83 103 191 21 35 31 39 172 196 199 188 4 148 48 170 49 164 0 137 143 59 105 100 34 32 122 119 85 99 7 187 37 27 
15210 | 124.089434 | 169 76 18 24 178 12 174 198 82 160 112 111 124 116 121 51 25 33 65 40 30 165 89 114 117 115 43 133 104 80 92 94 54 152 5 159 67 46 176 36 163 154 155 150 61 120 102 81 98 68 70 158 149 6 113 126 166 16 192 125 136 183 13 3 141 132 194 38 41 138 186 197 193 162 20 156 45 151 26 44 60 56 71 58 144 157 86 123 139 42 29 161 127 182 168 10 167 97 131 62 55 28 17 47 66 73 63 50 145 109 101 96 140 72 108 95 90 107 87 69 74 88 75 15 91 171 185 184 130 64 9 22 34 23 129 110 128 84 180 52 57 190 189 195 78 11 1 2 77 177 153 147 142 146 173 179 19 175 181 106 79 53 135 8 14 93 118 83 103 191 21 35 31 39 172 196 199 188 4 148 48 170 49 164 0 137 143 59 105 100 134 32 122 119 85 99 7 187 37 27 
15410 | 124.067359 | 169 76 18 24 178 12 174 198 82 160 112 111 124 116 121 51 25 33 65 40 30 165 89 114 117 115 43 133 104 80 92 94 54 152 5 159 67 46 176 36 163 154 155 150 61 120 102 81 98 68 70 158 149 6 113 126 166 16 192 125 136 183 13 3 141 132 194 38 41 138 186 197 193 162 20 156 45 151 26 44 60 56 71 58 144 157 86 123 139 42 29 161 127 182 168 10 167 97 131 62 55 28 17 47 66 73 63 50 145 109 101 96 140 72 108 95 90 107 87 69 74 88 75 179 91 171 185 184 130 64 9 22 34 23 129 110 128 84 180 52 57 190 189 195 78 11 1 2 77 177 153 147 142 146 173 15 19 175 181 106 79 53 135 8 14 93 118 83 103 191 21 35 31 39 172 196 199 188 4 148 48 170 49 164 0 137 143 59 105 100 134 32 122 119 85 99 7 187 37 27 
15910 | 124.059093 | 169 76 18 24 178 12 174 198 82 160 112 111 124 116 121 51 25 33 65 40 30 165 89 114 117 115 43 133 104 80 92 94 54 152 5 159 67 46 176 36 163 154 155 150 61 120 102 81 98 68 70 158 149 6 113 126 166 16 192 125 136 183 13 3 141 132 194 38 41 138 186 197 193 162 20 156 45 151 26 44 60 56 71 58 144 157 86 123 139 42 29 161 127 182 168 10 167 97 131 62 55 28 17 47 66 73 63 50 145 109 101 103 140 72 108 95 90 107 87 69 74 88 75 179 91 171 185 184 130 64 9 22 34 23 129 110 128 84 180 52 57 190 189 195 78 11 1 2 77 177 153 147 142 146 173 15 19 175 181 106 79 53 135 8 14 93 118 83 96 191 21 35 31 39 172 196 199 188 4 148 48 170 49 164 0 137 143 59 105 100 134 32 122 119 85 99 7 187 37 27 
16210 | 123.669966 | 169 76 18 24 178 12 174 198 82 160 112 111 124 116 121 51 25 33 65 40 30 165 89 114 117 115 43 133 104 80 92 94 54 158 5 159 67 46 176 36 163 154 155 150 61 120 102 81 98 68 70 152 149 6 113 126 166 16 192 125 136 183 13 3 141 132 194 38 41 138 186 197 193 162 20 156 45 151 26 44 60 56 71 58 144 157 86 123 139 42 29 161 127 182 168 10 167 97 131 62 55 28 17 47 66 73 63 50 145 109 101 103 140 72 108 95 90 107 87 69 74 88 75 179 91 171 185 184 130 64 9 22 34 23 129 110 128 84 180 52 57 190 189 195 78 11 1 2 77 177 153 147 142 146 173 15 19 175 181 106 79 53 135 8 14 93 118 83 96 191 21 35 31 39 172 196 199 188 4 148 48 170 49 164 0 137 143 59 105 100 134 32 122 119 85 99 7 187 37 27 
16310 | 123.446079 | 169 76 18 24 178 12 174 198 82 160 112 111 124 116 121 51 25 33 65 40 30 165 89 114 117 115 43 133 104 80 92 94 54 158 5 159 67 46 176 36 163 154 155 150 61 120 102 81 98 68 70 152 149 6 113 126 166 16 192 125 136 183 13 3 141 132 194 38 41 138 186 197 193 162 20 156 45 151 26 44 60 56 71 58 144 157 86 123 139 42 29 161 127 182 168 10 167 97 131 62 55 28 17 47 66 73 63 50 145 109 101 103 140 72 108 95 90 107 87 69 74 88 75 179 91 171 185 184 130 64 9 22 34 23 129 110 128 84 180 52 57 190 189 195 78 11 1 2 77 177 148 147 142 146 173 15 19 175 181 106 79 53 135 8 14 93 118 83 96 191 21 35 31 39 172 196 199 188 4 153 48 170 49 164 0 137 143 59 105 100 134 32 122 119 85 99 7 187 37 27 
16510 | 123.007921 | 169 76 18 24 178 12 174 198 82 160 112 111 124 116 121 51 25 33 65 40 30 165 89 114 117 115 43 133 104 80 92 94 54 158 5 159 182 46 176 36 163 154 155 150 61 120 102 81 98 68 70 152 149 6 113 126 166 16 192 125 136 183 13 3 141 132 194 38 41 138 186 197 193 162 20 156 45 151 26 44 60 56 71 58 144 157 86 123 139 42 29 161 127 67 168 10 167 97 131 62 55 28 17 47 66 73 63 50 145 109 101 103 140 72 108 95 90 107 87 69 74 88 75 179 91 171 185 184 130 64 9 22 34 23 129 110 128 84 180 52 57 190 189 195 78 11 1 2 77 177 148 147 142 146 173 15 19 175 181 106 79 53 135 8 14 93 118 83 96 191 21 35 31 39 172 196 199 188 4 153 48 170 49 164 0 137 143 59 105 100 134 32 122 119 85 99 7 187 37 27 
16610 | 122.557636 | 169 76 18 24 178 22 174 198 82 160 112 111 124 116 121 51 25 33 65 40 30 165 89 114 117 115 43 133 104 80 92 94 54 158 5 159 182 46 176 36 163 154 155 150 61 120 102 81 98 68 70 152 149 6 113 126 166 16 192 125 136 183 13 3 141 132 194 38 41 138 186 197 193 162 20 156 45 151 26 44 60 56 71 58 144 157 86 123 139 42 29 161 127 67 168 10 167 97 131 62 55 28 17 47 66 73 63 50 145 109 101 103 140 72 108 95 90 107 87 69 74 88 75 179 91 171 185 184 130 64 9 12 34 23 129 110 128 84 180 52 57 190 189 195 78 11 1 2 77 177 148 147 142 146 173 15 19 175 181 106 79 53 135 8 14 93 118 83 96 191 21 35 31 39 172 196 199 188 4 153 48 170 49 164 0 137 143 59 105 100 134 32 122 119 85 99 7 187 37 27 
16810 | 122.033660 | 169 76 18 24 178 22 174 198 82 160 112 111 124 116 121 51 25 33 65 40 30 165 89 114 117 115 43 133 104 80 92 94 54 158 5 159 182 46 176 36 163 154 155 150 61 120 102 81 98 68 70 152 149 6 113 126 166 16 192 125 136 183 13 3 141 132 194 38 41 138 186 197 193 162 20 156 45 151 26 44 60 56 71 58 144 157 86 123 139 42 29 161 127 67 179 10 167 97 131 62 55 28 17 47 66 73 63 50 145 109 101 103 140 72 108 95 90 107 87 69 74 88 75 168 91 171 185 184 130 64 9 12 34 23 129 110 128 84 180 52 57 190 189 195 78 11 1 2 77 177 148 147 142 146 173 15 19 175 181 106 79 53 135 8 14 93 118 83 96 191 21 35 31 39 172 196 199 188 4 153 48 170 49 164 0 137 143 59 105 100 134 32 122 119 85 99 7 187 37 27 
16910 | 121.915998 | 169 76 18 22 178 24 174 198 82 160 112 111 124 116 121 51 25 33 65 40 30 165 89 114 117 115 43 133 104 80 92 94 54 158 5 159 182 46 176 36 163 154 155 150 61 120 102 81 98 68 70 152 149 6 113 126 166 16 192 125 136 183 13 3 141 132 194 38 41 138 186 197 193 162 20 156 45 151 26 44 60 56 71 58 144 157 86 123 139 42 29 161 127 67 179 10 167 97 131 62 55 28 17 47 66 73 63 50 145 109 101 103 140 72 108 95 90 107 87 69 74 88 75 168 91 171 185 184 130 64 9 12 34 23 129 110 128 84 180 52 57 190 189 195 78 11 1 2 77 177 148 147 142 146 173 15 19 175 181 106 79 53 135 8 14 93 118 83 96 191 21 35 31 39 172 196 199 188 4 153 48 170 49 164 0 137 143 59 105 100 134 32 122 119 85 99 7 187 37 27 
17024 | 121.595588 | 82 150 67 158 12 14 22 192 59 170 24 23 69 121 114 15 178 2 120 173 177 122 62 167 46 40 16 132 98 128 107 172 25 35 63 74 66 76 56 134 43 188 191 199 5 75 84 73 28 111 118 85 86 89 97 88 48 72 131 79 30 123 104 100 61 137 21 19 4 13 163 44 169 29 70 106 148 37 18 93 110 176 182 187 42 133 185 26 64 68 94 33 139 138 141 157 175 168 145 135 159 166 41 55 162 34 113 81 49 149 52 142 102 103 140 53 36 171 136 7 6 153 151 51 90 109 91 143 101 99 174 71 160 38 27 8 78 87 108 129 127 115 95 92 45 39 154 0 105 58 60 124 116 83 96 50 54 117 119 164 196 125 130 77 3 161 180 181 179 1 144 57 65 112 80 197 184 190 152 155 47 183 9 20 189 195 194 10 147 156 31 193 11 146 32 165 126 17 198 186 
17110 | 121.493714 | 169 76 18 22 178 24 174 198 82 160 112 111 124 116 121 51 25 33 65 40 30 165 89 114 117 115 43 133 104 80 92 94 54 158 5 159 154 46 176 36 163 182 155 150 61 120 102 81 98 68 70 152 149 6 113 126 166 16 192 125 136 183 13 3 141 132 194 38 41 138 186 197 193 162 20 156 45 151 26 44 60 56 71 58 144 157 86 123 139 42 29 161 127 67 179 10 167 97 131 62 55 28 17 47 66 73 63 50 145 109 101 103 140 72 108 95 90 107 87 69 74 88 75 168 91 171 185 184 130 64 9 12 34 23 129 110 128 84 180 52 57 190 189 195 78 11 1 2 77 177 148 147 142 146 173 15 19 175 181 106 79 53 135 8 14 93 118 83 96 191 21 35 31 39 172 196 199 188 4 153 48 170 49 164 0 137 143 59 105 100 134 32 122 119 85 99 7 187 37 27 
17509 | 120.282495 | 71 153 31 32 95 146 142 164 22 13 167 134 61 126 108 123 114 150 140 52 186 169 115 195 173 178 180 135 141 2 181 15 122 81 83 139 49 78 92 165 174 182 19 183 137 154 86 107 38 56 70 112 68 177 30 190 145 102 191 11 21 10 160 40 17 179 6 27 161 45 41 157 170 168 48 23 24 110 152 109 106 96 90 103 144 55 66 121 57 125 72 163 33 172 36 64 25 18 16 9 171 156 127 67 120 85 54 51 175 176 185 8 35 42 65 133 118 63 162 44 80 74 131 148 151 59 47 0 149 43 197 14 101 46 143 111 99 198 5 192 12 1 39 194 199 193 104 89 87 117 105 155 53 34 76 79 93 188 37 166 130 84 82 29 60 132 147 26 4 7 113 124 128 77 129 159 58 50 28 75 196 3 119 100 94 98 189 187 158 69 136 138 73 88 20 184 91 62 97 116 
18090 | 119.993297 | 2 188 11 46 167 61 68 84 101 70 95 57 138 107 93 78 72 39 6 159 25 44 21 20 190 183 0 9 4 23 34 141 38 144 27 26 97 117 8 16 7 199 109 103 105 108 151 106 32 76 124 5 13 161 41 191 19 111 31 43 63 92 110 53 160 12 136 56 156 24 182 169 174 158 157 162 42 51 65 145 22 3 168 154 128 123 127 10 192 197 195 104 90 152 146 49 58 40 62 116 125 83 82 18 196 73 150 96 122 59 170 179 172 175 81 88 148 165 28 54 177 1 178 132 153 67 142 140 129 74 131 115 79 100 173 184 17 98 86 164 33 14 35 130 155 37 36 15 198 48 75 99 114 112 85 89 87 135 91 77 71 139 69 126 147 171 29 64 118 143 120 176 194 185 186 66 180 193 166 94 102 113 181 119 45 30 137 149 47 163 52 50 133 121 80 60 134 55 187 189 
18190 | 119.714487 | 2 188 11 46 167 61 68 84 101 70 95 57 138 107 93 78 48 39 6 159 25 44 21 20 190 183 0 9 4 23 34 141 38 144 27 26 97 117 8 16 7 199 109 103 105 108 151 106 32 76 124 5 13 161 41 191 19 111 31 43 63 92 110 53 160 12 136 56 156 24 182 169 174 158 157 162 42 51 65 145 22 3 168 154 128 123 127 10 192 197 195 104 90 152 146 49 58 40 62 116 125 83 82 18 196 73 150 96 122 59 170 179 172 175 81 88 148 165 28 54 177 1 178 132 153 67 142 140 129 74 131 115 79 100 173 184 17 98 86 164 33 14 35 130 155 37 36 15 198 72 75 99 114 112 85 89 87 135 91 77 71 139 69 126 147 171 29 64 118 143 120 176 194 185 186 66 180 193 166 94 102 113 181 119 45 30 137 149 47 163 52 50 133 121 80 60 134 55 187 189 
18210 | 119.426229 | 169 76 167 22 178 24 174 198 82 160 112 111 124 116 121 51 25 33 65 40 30 165 89 114 117 115 151 133 104 80 92 94 54 158 5 159 154 46 176 36 163 182 155 150 61 120 102 81 98 68 70 26 149 6 113 126 166 16 192 125 136 183 13 3 141 132 194 38 41 138 186 197 193 162 20 156 45 43 152 44 60 56 71 58 144 157 86 123 139 42 29 77 127 67 179 10 18 97 131 62 55 28 17 47 66 73 63 50 145 109 101 103 140 72 108 95 90 107 87 69 74 88 75 168 91 171 185 184 130 64 9 12 34 23 129 110 128 84 180 52 57 190 189 195 78 11 1 2 161 177 148 147 142 146 173 15 19 175 181 106 79 53 135 8 14 93 118 83 96 191 21 35 31 39 172 196 199 188 4 153 48 170 49 164 0 137 143 59 105 100 134 32 122 119 85 99 7 187 37 27 
18510 | 119.369949 | 169 76 167 22 178 24 174 198 82 160 112 111 124 116 121 51 25 33 65 40 30 165 89 114 117 115 151 133 104 80 92 94 54 158 5 159 154 46 176 36 163 182 155 150 61 120 102 81 98 68 70 26 149 6 113 126 166 16 192 125 136 183 13 3 141 132 194 38 41 138 186 197 193 162 20 156 45 43 152 44 60 56 71 58 144 157 86 123 139 42 29 77 127 67 179 10 18 97 130 62 55 28 17 47 66 73 63 50 145 109 101 103 140 72 108 95 90 107 87 69 74 88 75 168 91 171 185 184 131 64 9 12 34 23 129 110 128 84 180 52 57 190 189 195 78 11 1 2 161 177 148 147 142 146 173 15 19 175 181 106 79 53 135 8 14 93 118 83 96 191 21 35 31 39 172 196 199 188 4 153 48 170 49 164 0 137 143 59 105 100 134 32 122 119 85 99 7 187 37 27 
18709 | 118.849793 | 71 153 31 32 95 146 142 164 22 13 167 134 61 126 108 123 114 150 140 52 186 169 115 195 173 178 180 135 141 2 181 15 122 81 83 139 49 78 92 165 174 182 19 183 137 154 86 107 38 56 70 112 68 177 30 190 145 54 191 11 21 10 160 40 17 179 6 27 161 45 41 157 170 168 48 23 24 110 152 109 106 96 90 103 144 55 66 121 57 125 72 163 33 172 36 64 25 18 16 9 171 156 127 67 120 85 102 51 175 176 185 8 35 42 65 133 118 63 162 44 80 74 131 148 151 59 47 0 149 43 197 14 101 46 143 111 99 198 5 192 12 1 39 194 199 193 104 89 87 117 105 155 53 34 76 79 93 188 37 166 130 84 82 29 60 132 147 26 4 7 113 124 128 77 129 159 58 50 28 75 196 3 119 100 94 98 189 187 158 69 136 138 73 88 20 184 91 62 97 116 
18850 | 118.013592 | 19 24 37 15 95 137 97 101 154 185 177 0 173 66 96 65 160 7 190 5 163 55 195 181 58 198 188 43 67 78 116 123 125 114 87 140 161 143 71 108 133 57 147 63 152 35 180 176 10 169 168 193 165 130 74 81 64 99 61 92 120 118 86 94 132 79 104 121 142 30 11 171 23 90 122 199 175 194 17 46 27 167 56 136 51 84 135 50 158 159 32 52 42 49 40 28 29 156 72 131 76 145 164 9 20 192 187 128 75 85 112 166 98 129 110 68 14 8 69 141 127 111 102 103 109 153 82 89 1 191 6 34 80 100 105 162 151 38 134 113 48 148 107 93 126 157 44 59 197 3 22 184 186 144 39 13 189 119 178 73 45 150 115 88 83 47 138 91 25 174 196 21 12 16 18 60 41 124 106 77 36 53 70 155 33 146 117 62 139 54 170 26 4 31 183 179 182 2 172 149 
19009 | 116.702911 | 71 153 31 32 95 146 142 164 22 13 167 134 135 126 108 123 114 150 140 52 186 169 115 195 173 178 180 61 141 2 181 15 152 81 83 139 49 78 92 165 174 182 19 183 137 154 86 107 38 56 70 112 68 177 30 190 145 54 191 11 21 10 160 40 17 179 6 27 161 45 41 157 170 168 48 23 24 110 122 109 106 96 90 103 144 55 66 121 57 125 72 163 33 172 36 64 25 18 16 9 171 156 127 67 120 85 102 51 175 176 185 8 35 42 65 133 118 63 162 44 80 74 131 148 151 59 47 0 149 43 197 14 101 46 143 111 99 198 5 192 12 1 39 194 199 193 104 89 87 117 105 155 53 34 76 79 93 188 37 166 130 84 82 29 60 132 147 26 4 7 113 124 128 77 129 159 58 50 28 75 196 3 119 100 94 98 189 187 158 69 136 138 73 88 20 184 91 62 97 116 
19450 | 116.277041 | 19 24 37 15 95 137 97 101 154 185 177 0 173 66 96 65 160 7 190 5 163 55 195 181 58 198 188 49 67 78 116 123 125 114 87 140 161 143 71 108 133 57 147 63 152 35 180 176 10 169 168 193 165 130 74 81 64 68 61 92 120 118 86 94 132 79 104 121 142 30 11 171 23 90 122 199 175 194 17 46 27 167 56 136 51 84 135 50 158 159 32 52 42 43 40 28 29 156 72 131 76 145 164 9 20 192 187 128 75 85 112 166 98 129 110 99 14 8 69 141 127 111 102 103 109 153 82 89 1 191 6 34 80 100 105 162 151 38 134 113 48 148 107 93 126 157 44 59 197 3 22 184 186 144 39 13 189 119 178 73 45 150 115 88 83 47 138 91 25 174 196 21 12 16 18 60 41 124 106 77 36 53 70 155 33 146 117 62 139 54 170 26 4 31 183 179 182 2 172 149 
19609 | 115.717127 | 71 153 31 32 95 146 142 164 22 13 167 134 135 126 108 123 114 150 140 52 186 169 115 195 173 178 180 61 141 2 181 15 152 81 83 139 49 78 92 165 174 182 19 183 137 154 86 107 38 56 70 112 68 177 30 190 145 54 191 11 21 10 160 40 17 179 6 27 161 45 41 157 170 168 48 23 24 110 122 109 106 96 90 103 144 55 66 121 57 125 72 163 33 172 36 64 25 20 16 9 171 156 127 67 120 85 102 51 175 176 185 8 35 42 65 133 118 63 162 44 80 74 131 148 151 59 47 0 149 43 197 14 101 46 143 111 99 198 5 192 12 1 26 194 199 193 104 89 87 117 105 155 53 34 76 79 93 188 37 166 130 84 82 29 60 132 147 39 4 7 113 124 128 77 129 159 58 50 28 75 196 3 119 100 94 98 189 187 158 69 136 138 73 88 18 184 91 62 97 116 
20050 | 115.267952 | 19 24 37 15 95 111 97 101 154 185 177 0 173 66 96 65 160 7 190 5 163 146 195 181 58 198 188 49 67 78 116 123 125 114 87 140 161 143 71 108 133 57 147 63 152 35 180 176 10 169 168 193 165 130 74 81 64 68 61 92 120 118 86 94 132 79 104 121 142 30 11 171 23 90 122 199 175 194 17 46 27 167 56 136 51 84 135 50 158 162 32 52 42 43 40 28 29 156 72 131 76 145 164 9 20 192 187 128 75 85 112 166 98 129 110 99 14 8 69 141 127 137 102 103 109 153 82 89 1 191 6 34 80 100 105 159 151 38 134 113 48 148 107 93 126 157 44 59 197 3 22 184 186 144 39 13 189 119 178 73 45 150 115 88 83 47 138 91 25 174 196 21 12 16 18 60 41 124 106 77 36 53 70 155 33 55 117 62 139 54 170 26 4 31 183 179 182 2 172 149 
20350 | 114.599922 | 19 119 37 15 95 111 97 101 154 185 177 0 173 66 96 65 160 7 190 5 163 146 195 181 58 198 188 49 67 78 116 123 125 114 87 140 161 143 71 108 133 57 147 63 152 35 180 176 10 169 168 193 165 130 74 81 64 68 61 92 120 118 86 94 132 79 104 121 142 30 11 171 23 90 122 199 175 194 17 46 27 167 56 136 51 84 135 50 158 162 32 52 42 43 40 28 29 156 72 131 76 145 164 9 20 192 187 128 75 85 112 166 98 129 110 99 14 8 69 141 127 137 102 103 109 153 82 89 1 191 6 34 80 100 105 159 151 38 134 113 48 148 107 93 126 157 44 59 197 3 22 184 186 144 39 13 189 24 178 73 45 150 115 88 83 47 138 91 25 174 196 21 12 16 18 60 41 124 106 77 36 53 70 155 33 55 117 62 139 54 170 26 4 31 183 179 182 2 172 149 
20450 | 114.087051 | 19 119 37 15 95 111 97 101 154 185 177 0 173 66 96 65 160 7 190 5 163 146 195 181 58 198 188 49 67 78 116 123 125 114 87 140 161 143 71 108 133 57 147 63 152 35 180 176 10 169 168 193 165 130 74 81 64 68 61 92 120 118 86 94 122 79 104 121 142 30 11 171 23 90 132 199 175 194 17 46 27 167 56 136 51 84 135 50 158 162 32 52 42 43 40 28 29 156 72 131 76 145 164 9 20 192 187 128 75 85 112 166 98 129 110 99 14 8 69 141 127 137 102 103 109 153 82 89 1 191 6 34 80 100 105 159 151 38 134 113 48 148 107 93 126 157 44 59 197 3 22 184 186 144 39 13 189 24 178 73 45 150 115 88 83 47 138 91 25 174 196 21 12 16 18 60 41 124 106 77 36 53 70 155 33 55 117 62 139 54 170 26 4 31 183 179 182 2 172 149 
20650 | 114.060685 | 19 119 37 15 95 111 97 101 154 185 177 0 173 66 96 65 160 7 190 5 163 146 195 181 58 198 188 49 67 78 116 123 125 114 87 140 161 143 71 108 133 57 147 63 152 35 180 176 10 169 168 193 165 130 74 81 64 68 61 92 120 118 86 94 122 79 104 121 142 30 11 171 23 90 132 199 175 194 17 46 27 167 56 136 51 84 135 50 158 162 32 52 42 43 40 28 29 156 72 131 76 145 164 9 20 192 187 128 75 85 112 166 98 129 110 99 1 8 69 141 127 137 102 103 109 153 82 89 14 191 6 34 80 100 105 159 151 38 134 113 48 148 107 93 126 157 44 59 197 3 22 184 186 144 39 13 189 24 178 73 45 150 115 88 83 47 138 91 25 174 196 21 12 16 18 60 41 124 106 77 36 53 70 155 33 55 117 62 139 54 170 26 4 31 183 179 182 2 172 149 
20750 | 111.853225 | 19 119 37 15 95 111 97 101 154 185 177 0 173 66 96 65 160 7 190 5 163 146 195 181 36 198 188 49 67 78 116 123 125 114 87 140 161 143 71 108 133 57 147 63 152 35 180 176 10 169 168 193 165 130 74 81 64 68 61 92 120 118 86 94 122 79 104 121 142 30 11 171 23 90 132 199 175 194 17 46 27 167 56 136 51 84 135 50 158 162 32 52 42 43 40 28 29 156 72 131 76 145 164 9 20 192 187 128 75 85 112 166 98 129 110 99 1 8 69 141 127 137 102 103 109 153 82 89 14 191 6 34 80 100 105 159 151 38 134 113 48 148 107 93 126 157 44 59 197 3 22 184 186 144 39 13 189 24 178 73 45 150 115 88 83 47 138 91 25 174 196 21 12 16 18 60 41 124 106 77 58 53 70 155 33 55 117 62 139 54 170 26 4 31 183 179 182 2 172 149 
23150 | 111.791000 | 19 119 37 15 95 111 97 101 154 185 177 0 173 66 96 65 160 7 190 5 163 146 195 6 36 198 188 49 67 78 116 123 125 114 87 140 161 143 71 108 133 57 147 63 152 35 180 176 10 169 168 193 165 130 74 81 64 68 61 92 120 118 86 94 122 79 104 121 142 30 11 171 23 90 132 199 175 194 17 46 27 167 56 136 51 84 135 50 158 162 32 52 42 43 40 28 29 156 72 131 76 145 164 9 20 192 187 128 75 85 112 166 98 129 110 99 1 8 69 141 127 137 102 103 109 153 82 89 14 191 181 34 80 100 105 159 151 38 134 113 48 148 107 93 126 157 44 59 197 3 22 184 186 144 39 13 189 24 178 73 45 150 115 88 83 47 138 91 25 174 196 21 12 16 18 60 41 124 106 77 58 53 70 155 33 55 117 62 139 54 170 26 4 31 183 179 182 2 172 149 
23350 | 111.454120 | 19 119 37 15 95 111 97 101 154 185 177 0 34 66 96 65 160 7 190 5 163 146 195 6 36 198 188 49 67 78 116 123 125 114 87 140 161 143 71 108 133 57 147 63 152 35 180 176 10 169 168 193 165 130 74 81 64 68 61 92 120 118 86 94 122 79 104 121 142 30 11 171 23 90 132 199 175 194 17 46 27 167 56 136 51 84 135 50 158 162 32 52 42 43 40 28 29 156 72 131 76 145 164 9 20 192 187 128 75 85 112 166 98 129 110 99 1 8 69 141 127 137 102 103 109 153 82 89 14 191 181 173 80 100 105 159 151 38 134 113 48 148 107 93 126 157 44 59 197 3 22 184 186 144 39 13 189 24 178 73 45 150 115 88 83 47 138 91 25 174 196 21 12 16 18 60 41 124 106 77 58 53 70 155 33 55 117 62 139 54 170 26 4 31 183 179 182 2 172 149 
23550 | 109.549074 | 19 119 37 15 95 111 97 101 154 185 177 0 34 66 96 65 160 7 190 5 163 146 195 6 36 198 188 49 67 78 116 123 125 114 87 140 161 143 71 108 133 57 147 63 152 35 180 176 10 169 168 193 165 130 74 81 64 68 61 92 120 118 86 94 122 79 104 121 142 30 11 171 23 90 132 199 175 194 17 46 27 167 56 136 51 84 135 50 158 162 32 52 42 43 40 28 29 156 72 131 76 145 164 9 20 192 187 128 75 85 112 144 98 129 110 99 1 8 69 141 127 137 102 103 109 153 82 89 14 191 181 173 80 100 105 159 151 38 134 113 48 148 107 93 126 157 44 59 197 3 22 184 186 166 39 13 189 24 178 73 45 150 115 88 83 47 138 91 25 174 196 21 12 16 18 60 41 124 106 77 58 53 70 155 33 55 117 62 139 54 170 26 4 31 183 179 182 2 172 149 
23950 | 108.886514 | 19 143 37 15 95 111 97 101 154 185 177 0 34 66 96 65 160 7 190 5 163 146 195 6 36 198 188 49 67 78 116 123 125 114 87 140 161 119 71 108 133 57 147 63 152 35 180 176 10 169 168 193 165 130 74 81 64 68 61 92 120 118 86 94 122 79 104 121 142 30 11 171 23 90 132 199 175 194 17 46 27 167 56 136 51 84 135 50 158 162 32 52 42 43 40 28 29 156 72 131 76 145 164 9 20 192 187 128 75 85 112 144 98 129 110 99 1 8 69 141 127 137 102 103 109 153 82 89 14 191 181 173 80 100 105 159 151 38 134 113 48 148 107 93 126 157 44 59 197 3 22 184 186 166 39 13 189 24 178 73 45 150 115 88 83 47 138 91 25 174 196 21 12 16 18 60 41 124 106 77 58 53 70 155 33 55 117 62 139 54 170 26 4 31 183 179 182 2 172 149 
24150 | 107.365952 | 19 143 37 15 95 111 97 101 154 185 177 0 34 66 96 65 160 7 190 5 163 146 195 6 36 198 188 49 67 78 116 123 125 114 87 140 161 119 71 108 133 57 147 63 152 35 180 176 10 169 168 175 165 130 74 81 64 68 61 92 120 118 86 94 122 79 104 121 142 30 11 171 23 90 132 199 193 194 17 46 27 167 56 136 51 84 135 50 158 162 32 52 42 43 40 28 29 156 72 131 76 145 164 9 20 192 187 128 75 85 112 144 98 129 110 99 1 8 69 141 127 137 102 103 109 153 82 89 14 191 181 173 80 100 105 159 151 38 134 113 48 148 107 93 126 157 44 59 197 3 22 184 186 166 39 13 189 24 178 73 45 150 115 88 83 47 138 91 25 174 196 21 12 16 18 60 41 124 106 77 58 53 70 155 33 55 117 62 139 54 170 26 4 31 183 179 182 2 172 149 
24890 | 107.169237 | 2 188 11 46 145 61 68 84 101 117 103 57 138 107 93 154 48 39 6 12 171 44 21 5 190 183 0 198 4 172 34 141 38 144 27 26 181 70 8 16 7 199 109 95 105 108 151 106 32 76 124 20 13 161 41 191 19 168 31 43 63 92 104 53 160 147 136 56 156 24 182 169 174 158 157 162 42 51 65 58 22 189 111 125 128 123 127 10 192 197 195 110 90 152 146 49 167 40 62 116 78 83 82 118 196 73 150 96 122 59 170 179 173 175 81 88 148 165 28 54 177 1 178 132 153 67 142 140 129 74 131 115 79 100 23 184 17 98 86 159 33 14 35 130 155 37 36 15 9 72 75 99 114 112 85 89 87 135 91 77 71 139 69 126 66 25 29 64 166 143 120 176 194 185 186 164 180 193 18 94 102 113 97 119 45 30 137 149 47 163 52 50 133 121 80 60 134 55 187 3 
24990 | 105.880888 | 2 188 11 46 145 61 68 84 101 117 103 57 138 107 93 154 48 39 6 12 171 44 21 5 190 183 0 198 4 172 34 141 38 144 27 26 181 70 8 16 7 199 109 95 105 108 151 106 32 76 124 20 13 161 41 191 19 168 31 43 63 92 135 53 160 147 136 56 156 24 182 169 174 158 157 162 42 51 65 58 22 189 111 125 128 123 127 10 192 197 195 110 90 152 146 49 167 40 62 116 78 83 82 118 196 73 150 96 122 59 170 179 173 175 81 88 148 165 28 54 177 1 178 132 153 67 142 140 129 74 131 115 79 100 23 184 17 98 86 159 33 14 35 130 155 37 36 15 9 72 75 99 114 112 85 89 87 104 91 77 71 139 69 126 66 25 29 64 166 143 120 176 194 185 186 164 180 193 18 94 102 113 97 119 45 30 137 149 47 163 52 50 133 121 80 60 134 55 187 3 
