DataSet:	circ200
RunTime:	2022-5-31 12:49:34
Method:	GeneticAlg2
Params:	P:500 E:300000 SR:0.500000
DataPath:	./resources/datasets/circ200.txt

################################################################################

500 | 160.654800 | 0 123 78 62 80 125 40 18 187 44 173 107 91 109 19 5 178 23 181 65 53 94 88 84 115 86 129 139 96 89 61 95 20 127 199 177 172 132 73 55 118 170 151 119 148 137 186 79 51 171 38 184 192 193 60 50 102 63 57 33 97 169 48 25 42 101 64 117 161 155 31 158 49 164 28 185 110 21 160 36 179 52 134 156 189 16 128 136 120 152 15 98 143 147 112 90 121 157 167 133 142 190 9 194 30 163 77 141 138 113 8 99 39 2 69 92 82 66 72 180 46 168 146 176 59 71 85 103 166 131 149 58 135 124 106 104 6 24 47 191 183 34 41 122 27 7 153 4 198 11 162 197 32 145 35 17 196 154 111 43 75 188 76 83 22 1 56 87 68 140 174 54 10 67 29 26 45 3 70 130 14 74 126 13 175 12 144 165 37 182 108 93 114 100 159 81 195 105 150 116 
1000 | 157.614532 | 121 94 40 114 144 33 3 179 22 176 105 84 66 155 172 164 136 88 86 119 171 175 104 111 157 167 161 170 192 137 80 185 65 42 50 103 38 191 12 135 194 109 32 57 2 13 188 25 49 146 59 76 159 27 116 127 133 124 4 156 20 53 23 173 174 189 41 39 92 72 106 68 120 78 51 166 163 28 140 87 75 60 168 43 1 15 169 36 74 98 187 177 14 199 7 29 11 117 31 52 99 0 196 182 148 21 183 138 181 96 82 101 58 123 113 64 34 77 108 160 198 131 180 139 100 83 184 195 102 112 132 93 147 18 178 8 158 35 9 89 48 61 126 162 26 165 63 24 197 151 56 143 186 152 110 79 122 46 71 153 150 90 81 142 154 141 54 70 44 19 85 17 69 190 37 73 5 62 149 55 97 134 6 16 128 95 125 145 115 10 193 45 47 130 30 129 118 67 91 107 
3002 | 157.438125 | 160 113 167 35 153 177 27 155 25 193 191 59 11 78 44 102 139 20 95 192 109 172 32 163 179 29 6 67 180 55 175 147 73 106 66 194 182 51 199 196 0 54 63 176 144 83 70 39 166 181 183 154 187 156 69 16 8 184 111 105 128 131 89 94 68 88 48 165 53 10 173 18 47 4 49 82 115 169 40 188 99 79 136 161 189 122 91 119 90 60 159 13 24 52 42 72 171 26 146 86 71 149 162 14 110 96 143 38 75 145 80 142 157 130 21 174 198 197 164 124 100 84 28 112 104 81 185 17 77 127 46 56 117 186 3 120 178 85 93 41 190 148 141 31 195 22 116 30 43 76 118 126 36 5 97 107 150 37 168 7 1 133 132 58 34 45 101 19 23 98 74 151 62 57 138 15 12 140 50 152 61 33 2 103 114 64 125 87 108 121 137 9 170 158 92 129 135 65 134 123 
3252 | 154.981683 | 160 113 169 35 153 167 173 27 155 25 188 193 191 59 11 78 44 102 139 20 95 192 109 32 185 163 29 166 6 67 189 177 55 147 73 106 66 194 51 199 196 0 175 54 63 144 83 70 39 174 154 156 69 16 8 186 111 105 128 131 89 94 68 88 48 171 165 53 10 18 47 4 49 82 115 40 99 79 181 136 161 170 122 91 119 90 60 159 13 24 52 42 72 26 146 86 71 149 162 14 110 96 143 38 75 145 80 142 157 130 21 184 198 197 164 124 100 84 28 182 112 104 81 187 17 77 127 179 46 56 117 3 120 85 93 41 190 148 141 31 195 22 116 183 30 43 76 118 126 36 176 5 178 97 107 150 168 37 7 1 172 133 132 58 34 45 101 19 23 98 74 151 62 57 138 15 12 140 50 152 61 33 2 103 114 64 125 87 108 180 121 137 9 158 92 129 135 65 134 123 
4502 | 154.025142 | 17 35 71 133 59 129 117 81 104 80 120 147 86 82 148 153 109 185 99 171 29 62 127 114 106 166 14 97 111 64 19 196 11 103 93 142 176 73 168 187 137 121 131 6 52 126 38 169 83 183 30 156 122 162 173 101 95 2 178 152 54 194 18 3 138 123 20 184 192 12 1 174 116 91 136 45 125 128 105 31 186 172 197 74 115 141 58 61 13 193 164 43 149 27 140 57 16 167 124 112 51 8 146 102 139 160 4 21 191 69 78 198 94 118 36 182 24 34 143 76 113 132 53 100 79 110 108 41 46 66 199 92 158 107 37 175 189 56 47 49 155 7 177 68 48 70 98 22 63 150 161 40 67 9 10 26 15 85 33 32 119 144 157 151 190 23 84 89 77 28 50 163 181 188 154 25 39 55 135 60 75 170 42 165 44 96 65 179 88 87 130 180 5 195 159 72 134 0 145 90 
4752 | 148.707993 | 160 113 167 35 153 177 155 193 191 11 78 102 139 20 95 55 192 109 172 21 32 27 163 179 6 26 67 180 175 147 60 73 106 66 194 182 43 23 199 196 0 63 176 144 70 39 166 181 183 22 47 154 187 156 69 16 8 184 111 105 128 131 89 94 68 88 165 10 173 29 18 4 82 115 169 40 188 99 79 136 161 189 122 91 119 90 50 159 13 52 42 72 171 146 86 71 149 162 46 14 110 96 143 28 45 38 75 44 145 80 142 58 157 130 174 24 198 197 164 124 100 84 112 104 81 185 17 77 127 30 117 186 3 120 178 57 85 93 41 56 190 148 141 31 195 116 76 118 126 36 5 97 107 150 49 37 168 7 1 133 132 48 34 101 19 98 74 151 62 138 15 12 140 53 152 83 61 33 2 103 114 51 64 125 87 108 121 54 25 137 9 170 158 92 129 135 65 59 134 123 
8756 | 148.503981 | 0 78 126 62 128 40 18 187 155 44 107 91 109 172 19 164 5 178 67 23 181 171 65 53 127 94 157 70 139 167 88 124 84 82 161 20 61 170 83 115 86 55 81 96 89 95 199 80 68 177 79 118 119 51 38 132 186 60 50 129 136 63 184 57 33 192 193 16 159 48 42 102 97 25 64 75 151 173 31 101 122 117 49 133 72 166 28 185 163 110 168 36 21 179 52 148 169 189 152 125 120 15 130 147 98 153 137 112 90 73 141 121 146 156 190 30 9 194 77 74 113 8 160 134 99 39 150 2 92 66 180 46 176 123 59 85 103 135 58 158 76 106 71 104 154 162 6 24 47 149 69 165 34 41 191 27 183 7 140 4 198 11 32 138 197 35 17 196 111 43 22 188 1 131 87 56 174 142 54 10 29 26 45 145 3 14 13 175 12 37 182 108 93 114 100 143 195 105 144 116 
9006 | 146.933872 | 121 63 114 144 105 97 65 87 68 92 69 82 155 45 164 23 136 171 11 8 119 21 189 102 111 6 58 157 167 161 176 168 103 73 137 39 187 13 199 16 22 169 135 183 2 53 109 198 3 173 57 146 37 190 178 5 159 116 50 133 124 83 33 194 156 197 64 184 41 25 192 174 89 51 191 42 31 120 79 72 166 163 172 46 140 12 28 10 9 60 55 84 117 80 70 127 91 148 67 138 18 123 44 185 113 76 81 78 108 30 160 182 186 43 131 7 139 20 98 100 15 56 112 132 62 147 14 158 36 4 54 71 126 175 24 162 47 165 19 177 151 193 27 143 38 49 152 74 110 122 95 153 32 150 61 90 142 17 0 154 85 141 93 48 35 40 196 1 181 195 29 149 88 59 134 26 188 170 86 77 128 99 101 125 179 145 115 96 52 130 75 180 104 94 106 129 118 34 66 107 
