DataSet:	circ200
RunTime:	2022-6-1 18:41:16
Method:	GeneticAlg2
Params:	P:500 E:300000 SR:0.500000
DataPath:	./resources/datasets/circ200.txt

################################################################################

500 | 160.624160 | 128 26 41 80 89 81 67 59 13 12 189 24 39 195 51 123 90 3 197 37 171 44 181 145 64 103 154 4 116 182 58 164 71 110 139 76 85 187 74 95 196 159 172 160 148 111 61 93 112 108 75 125 33 91 99 179 62 18 126 184 86 9 138 56 46 49 32 166 170 137 127 131 120 135 92 147 140 65 118 134 129 155 132 63 144 19 119 43 124 117 77 153 106 97 60 48 183 173 190 82 66 114 98 30 88 199 146 14 174 6 158 178 105 40 143 96 104 101 78 68 115 162 167 35 185 177 84 72 100 73 161 176 8 87 31 11 53 69 7 130 136 150 149 20 15 2 57 70 109 38 198 54 169 50 34 152 107 22 94 102 21 1 16 192 156 165 186 168 17 83 55 157 163 29 5 122 191 141 180 79 113 52 47 36 28 0 193 25 151 194 133 45 27 23 175 10 121 142 42 188 
1000 | 159.643371 | 157 0 191 77 183 54 139 40 82 117 67 136 48 113 101 11 150 72 127 143 149 116 29 170 20 160 13 162 16 130 159 18 100 141 171 26 95 199 7 79 135 71 152 17 156 44 88 36 196 193 138 53 58 184 28 70 73 78 188 119 124 176 74 64 4 34 68 120 195 106 144 145 90 49 108 179 109 190 98 91 103 99 56 167 94 37 60 97 155 35 15 39 115 61 22 198 168 38 23 174 5 6 9 105 51 175 169 132 164 153 140 69 33 161 151 177 92 81 76 87 63 65 180 165 43 118 173 59 158 142 197 2 14 25 128 121 131 172 148 104 75 123 66 85 86 62 47 12 80 133 30 137 31 182 194 8 27 185 19 114 107 111 112 57 55 46 154 21 192 178 93 89 125 146 122 32 41 181 129 134 24 102 50 126 110 10 163 186 189 42 1 166 147 52 84 83 45 96 187 3 
1250 | 156.963954 | 38 110 103 157 146 64 84 35 100 180 8 46 82 90 172 133 89 194 183 0 28 109 16 177 156 57 51 34 175 187 114 144 22 160 155 148 147 127 7 31 39 97 115 174 61 96 48 163 186 1 12 184 40 190 158 134 137 14 149 182 58 107 111 18 26 72 95 63 88 106 151 120 181 2 37 165 19 10 188 70 164 124 41 167 25 32 93 69 71 75 98 130 83 21 81 113 189 116 153 67 170 104 53 168 135 74 126 140 54 45 145 56 92 105 112 139 117 87 47 198 73 11 20 80 60 65 118 143 108 86 85 49 52 150 159 4 122 119 77 15 173 171 13 68 78 76 55 44 99 23 9 5 166 42 141 29 94 196 136 128 185 191 3 178 27 161 43 91 192 24 176 129 193 101 79 59 36 142 154 132 6 30 123 138 62 17 195 179 162 66 50 125 102 131 33 197 152 121 199 169 
2500 | 156.086931 | 128 174 26 41 80 89 81 67 59 13 12 189 24 39 195 51 123 90 3 197 172 37 44 145 64 103 154 4 116 58 164 71 110 139 85 187 74 95 196 159 160 148 167 111 61 93 112 108 75 125 170 33 91 99 62 18 168 126 86 9 138 56 46 49 32 166 137 127 131 120 135 92 147 173 140 65 118 134 129 155 132 63 178 144 19 119 43 124 117 77 153 177 106 97 60 48 190 171 183 82 66 114 175 98 30 88 199 146 14 185 6 158 105 40 143 96 104 101 78 68 115 162 35 84 72 100 73 161 8 87 31 181 11 176 53 69 7 180 130 136 150 149 20 15 2 57 70 109 38 179 198 54 50 34 152 107 22 94 102 21 1 16 192 156 165 186 184 17 83 55 157 163 29 5 122 191 141 169 182 79 113 52 47 76 36 28 0 193 25 151 194 133 45 27 23 10 121 142 42 188 
4002 | 155.126708 | 128 174 26 41 80 89 81 67 59 13 12 189 24 39 195 51 123 90 3 197 172 37 44 145 64 103 154 4 116 58 164 71 110 139 85 187 74 95 196 159 160 148 167 111 61 93 112 108 75 125 170 33 91 99 62 18 168 126 86 9 138 56 46 49 32 166 137 127 131 120 135 92 147 173 140 65 118 134 129 155 132 63 178 144 19 119 43 124 117 77 153 177 106 97 60 48 190 171 183 82 66 114 175 98 30 88 199 146 14 185 6 158 105 40 143 96 104 101 78 68 115 35 162 84 72 100 73 161 8 87 31 181 11 176 53 69 7 180 130 136 150 149 20 15 2 57 70 109 34 38 179 198 54 50 152 107 22 94 102 21 1 16 192 156 165 186 184 17 83 55 157 163 29 5 122 191 141 169 182 79 113 52 47 76 36 28 0 193 25 151 194 133 45 27 23 10 121 142 42 188 
4502 | 154.415659 | 117 26 41 80 89 81 122 67 59 13 12 139 189 24 152 39 195 51 90 136 3 197 37 171 44 181 64 127 103 4 182 143 58 71 110 76 85 187 74 130 95 196 172 141 111 61 93 112 108 135 75 123 33 91 99 179 62 18 138 121 184 86 9 56 46 49 32 170 163 151 147 92 65 144 148 63 145 19 166 43 154 77 106 97 60 157 48 155 183 173 115 161 190 160 82 66 114 98 30 88 199 14 132 174 164 6 178 140 162 105 149 156 40 96 104 101 78 68 35 185 177 116 84 72 100 120 73 176 142 158 8 87 124 31 128 11 53 69 131 7 159 20 168 15 2 57 70 109 38 133 137 198 54 50 34 118 107 22 94 102 21 1 16 192 186 17 83 55 153 29 165 146 150 5 167 129 191 125 134 180 79 113 52 47 126 36 28 0 193 25 194 169 45 27 23 175 10 42 188 119 
5252 | 152.533023 | 192 26 41 0 154 80 89 81 67 59 170 13 12 198 138 24 39 51 90 3 126 147 142 37 125 44 148 153 64 103 173 155 191 146 4 183 58 71 110 76 85 74 95 120 111 166 61 93 112 143 184 108 124 75 156 33 91 99 141 62 18 160 86 9 56 133 46 49 181 32 195 152 171 164 92 132 65 139 167 157 119 63 19 43 162 77 129 186 106 97 60 48 82 187 66 114 127 98 123 30 128 199 88 118 14 6 180 105 176 1 40 96 104 145 101 78 68 115 117 182 35 84 72 100 73 168 8 116 87 194 31 11 53 69 122 7 185 172 20 175 15 189 2 163 57 70 109 121 38 54 144 165 50 34 159 149 107 22 94 102 21 134 130 16 135 17 161 83 55 177 197 169 151 178 29 190 5 193 174 140 188 79 113 131 52 47 36 28 150 137 25 45 158 179 27 23 10 196 42 136 
6754 | 150.965508 | 128 26 41 80 89 81 67 59 13 12 24 39 51 123 194 90 37 171 3 44 145 64 103 154 58 4 116 164 71 110 139 76 85 74 95 159 182 172 160 148 111 61 93 112 180 108 75 125 33 91 99 179 62 18 126 86 190 9 138 56 46 49 32 166 170 137 127 131 135 92 147 120 140 65 134 129 155 132 118 63 144 19 43 124 77 119 153 106 97 117 60 48 173 82 187 199 66 114 98 30 6 88 146 14 174 158 178 105 40 143 96 104 101 78 68 115 162 198 167 35 177 84 72 100 73 161 176 8 183 87 31 11 53 69 184 7 130 136 150 149 20 2 15 189 57 70 109 38 54 169 50 34 152 107 196 22 94 102 21 16 1 156 192 165 168 17 83 55 186 193 157 5 163 29 191 188 141 122 79 113 52 47 36 0 195 28 181 25 151 133 45 27 197 23 175 142 121 10 42 185 
7257 | 149.424464 | 128 26 41 80 89 81 67 59 123 13 12 24 39 51 142 43 3 197 90 44 37 171 198 103 64 154 4 116 58 141 164 71 110 139 85 76 133 135 74 159 182 172 95 160 148 196 61 111 93 190 180 112 75 108 91 99 33 179 137 125 62 86 18 9 146 47 144 56 126 32 166 170 92 145 127 120 131 65 147 118 143 97 129 155 106 63 132 191 19 77 119 153 60 124 173 98 187 66 88 117 82 49 30 14 174 6 158 105 178 96 40 114 104 78 101 68 140 162 167 35 192 177 100 84 72 46 73 161 115 87 176 8 183 136 31 11 53 42 69 7 184 138 134 195 48 20 15 189 2 130 57 70 150 38 54 149 169 94 107 50 102 109 34 152 22 21 1 16 193 83 45 156 199 165 168 17 55 186 157 0 163 29 5 188 122 79 113 52 36 28 181 25 151 194 27 23 175 121 10 185 
8257 | 149.125679 | 128 191 41 26 137 123 24 142 67 59 7 182 179 39 1 176 51 154 37 0 103 197 44 82 79 64 116 171 90 110 58 141 71 164 133 135 95 74 159 188 175 160 148 111 93 112 14 61 75 108 33 81 125 99 78 12 18 62 180 196 146 144 126 10 56 46 49 32 166 139 145 86 127 120 131 65 91 19 63 147 138 118 43 183 143 129 106 132 60 97 48 155 77 3 198 170 181 119 89 66 124 85 98 117 173 30 88 153 76 158 105 114 96 104 83 101 40 162 167 35 100 68 73 161 115 31 72 199 84 20 186 15 11 177 134 174 6 53 69 130 92 38 94 34 150 169 149 57 70 107 22 102 109 136 54 50 21 189 16 185 152 165 140 168 17 80 156 157 55 163 29 193 8 178 195 190 9 122 192 36 113 52 28 47 25 172 151 4 27 13 23 45 187 5 87 121 42 184 2 194 
8507 | 145.622118 | 67 153 31 188 24 137 86 63 149 81 33 165 17 15 51 25 3 189 38 4 184 130 78 166 103 134 74 91 40 143 187 5 105 61 57 154 167 95 110 115 144 148 65 93 108 21 70 179 198 16 147 1 195 99 37 194 23 155 0 163 8 168 60 141 49 7 62 35 169 114 32 182 139 171 197 109 92 29 59 58 160 68 126 138 43 48 142 131 79 113 120 123 122 119 97 112 45 111 34 193 14 11 172 151 161 98 104 84 2 39 133 36 170 118 150 13 129 96 85 71 101 145 127 75 156 89 82 12 53 107 100 125 157 159 42 175 80 174 132 9 191 18 6 186 10 20 30 54 56 50 28 173 27 117 162 176 152 158 66 136 94 90 102 124 116 72 140 22 190 121 55 106 73 192 26 69 88 181 128 83 52 77 196 47 46 146 64 185 87 177 183 19 178 199 41 76 44 135 164 180 
10008 | 145.184593 | 128 191 26 41 137 123 142 67 7 12 182 39 179 24 51 1 176 72 154 16 37 103 44 0 197 82 79 116 171 90 110 141 164 133 135 95 74 71 159 188 175 15 160 148 111 93 112 75 58 108 81 70 33 125 99 78 18 180 196 146 64 144 126 46 10 68 49 32 166 139 145 86 127 120 131 43 91 56 147 138 118 183 60 143 129 106 132 19 48 97 155 61 77 3 198 170 181 119 89 124 85 98 117 14 173 69 88 30 153 158 40 105 76 114 96 104 83 101 162 63 167 65 100 35 161 73 115 59 84 199 186 53 31 11 177 134 174 66 6 130 62 92 94 20 38 150 169 54 149 50 107 102 109 136 34 22 189 185 21 152 165 57 140 168 13 80 156 17 157 163 193 55 8 178 195 29 190 9 122 192 52 113 47 36 28 172 151 4 25 45 27 23 187 5 87 121 42 184 2 194 
10760 | 144.548033 | 110 64 153 41 84 180 8 82 59 90 89 194 165 36 39 183 0 51 16 109 177 175 30 145 37 187 44 166 103 114 22 7 71 115 154 58 167 133 76 174 74 139 96 125 186 61 15 1 135 25 184 21 190 182 75 138 107 111 95 99 88 63 155 56 46 27 181 49 2 163 28 168 17 10 188 169 29 93 128 131 140 171 43 18 127 144 83 119 129 81 77 60 160 132 48 113 106 97 189 116 126 67 147 146 14 19 98 172 151 92 105 161 40 143 104 112 78 117 68 101 87 35 198 11 72 80 73 53 65 137 100 108 86 85 170 134 69 57 26 150 130 38 4 123 120 156 54 149 50 70 148 136 157 159 9 12 24 34 102 5 33 94 196 121 13 55 118 185 191 173 3 20 178 162 31 141 124 91 52 152 47 158 192 176 32 193 79 62 6 195 179 45 66 23 122 142 197 42 164 199 
11513 | 144.143320 | 128 26 191 41 137 123 67 142 63 7 13 182 12 24 179 39 51 1 176 154 37 44 0 103 197 64 82 79 116 171 61 90 110 141 164 133 57 135 71 95 74 159 188 175 160 148 111 93 112 75 108 81 33 125 99 78 180 18 196 146 144 126 60 10 32 166 62 139 46 145 86 127 49 131 91 147 138 59 183 58 143 129 119 106 132 97 65 155 77 3 198 170 19 181 43 89 124 85 98 117 173 48 30 88 153 14 66 76 158 105 114 96 104 83 101 54 162 167 100 40 35 161 115 199 84 68 186 11 72 177 31 134 73 174 6 130 92 69 94 15 150 20 169 120 70 149 56 107 102 109 38 136 50 55 189 34 185 152 22 165 140 168 21 80 121 156 16 157 118 163 17 193 53 8 178 195 29 190 9 192 52 113 47 36 172 28 151 4 25 187 45 27 5 23 87 122 184 2 42 194 
13271 | 140.704048 | 128 26 191 41 137 123 67 142 63 7 13 182 12 24 179 39 51 1 176 154 37 44 0 103 197 64 82 79 116 171 61 90 110 141 164 133 71 57 135 95 159 188 175 160 148 111 74 93 112 108 81 33 125 99 78 75 180 18 196 146 144 126 60 10 32 166 62 139 46 145 86 127 49 131 91 147 138 59 183 58 143 129 119 106 132 97 65 155 3 198 170 19 181 43 77 89 124 85 98 117 173 48 66 30 88 153 14 158 105 114 96 104 83 76 101 54 162 167 100 40 35 161 115 199 84 68 186 11 177 31 134 72 73 174 6 130 92 94 15 150 69 20 169 120 149 56 107 102 109 38 136 50 70 55 189 34 185 152 22 165 140 168 21 80 121 156 16 157 118 163 17 193 53 8 178 195 29 190 9 192 52 113 47 36 172 28 151 4 25 187 45 27 5 23 87 122 184 2 42 194 
14274 | 140.051998 | 128 26 191 41 137 123 67 63 142 13 7 182 179 4 24 176 39 154 103 51 197 37 116 44 171 90 110 64 141 82 79 3 164 133 135 95 61 159 188 175 160 148 57 111 93 71 0 74 112 108 125 75 81 99 33 12 78 180 196 146 18 144 60 126 10 32 166 62 139 145 86 46 127 120 131 49 91 147 59 138 118 58 183 143 129 106 65 132 97 77 155 19 1 198 170 181 43 119 89 124 85 98 117 48 30 173 14 88 66 153 76 2 158 105 114 96 83 104 101 54 162 40 167 35 100 84 68 161 115 72 199 31 186 73 11 177 69 134 174 15 6 20 130 92 70 94 56 150 169 149 107 38 50 102 109 55 136 34 189 22 185 152 165 21 140 80 168 16 156 17 157 163 53 193 8 178 29 195 190 9 52 122 47 36 192 113 28 172 25 151 45 27 187 23 5 87 121 184 42 194 
14526 | 139.656293 | 128 26 191 41 137 123 67 63 142 13 7 182 179 4 24 176 39 154 51 197 37 103 44 171 64 116 82 141 79 110 3 164 61 133 135 90 95 159 188 175 160 148 71 57 111 74 0 112 108 93 99 125 75 81 33 12 180 78 196 146 18 144 60 126 10 32 62 166 139 145 46 127 86 120 131 49 91 147 138 59 118 58 183 143 129 106 97 65 132 77 155 19 1 198 170 181 43 89 119 124 85 98 117 48 30 88 173 14 66 153 76 105 2 158 114 96 104 83 101 100 54 162 40 167 35 115 84 68 161 199 72 31 186 73 11 177 92 134 69 174 15 6 94 20 130 70 56 150 169 107 149 102 109 38 50 55 136 34 189 22 185 152 165 21 140 80 168 16 156 17 157 163 53 193 8 178 29 195 190 9 52 122 113 47 36 192 28 172 25 151 45 27 187 23 5 87 121 184 42 194 
15276 | 139.146552 | 128 153 191 41 26 180 67 146 123 59 7 12 165 39 51 183 24 43 1 177 44 175 37 16 166 103 64 0 197 145 58 82 79 116 71 90 110 154 167 174 133 95 74 139 147 186 188 15 184 182 61 111 93 112 75 108 81 33 125 99 78 18 155 62 181 196 138 163 47 126 168 56 32 10 169 137 86 127 135 65 120 131 140 91 118 134 63 171 129 106 132 144 60 160 19 97 77 66 3 198 119 89 49 30 124 85 98 117 14 88 172 40 151 105 76 114 68 161 96 104 35 83 101 143 100 72 46 73 115 84 199 11 31 170 53 150 42 6 130 69 92 94 156 136 20 48 149 148 107 57 70 102 109 157 38 54 159 22 189 21 50 13 80 17 34 185 193 173 8 195 178 45 29 190 162 9 122 152 55 192 158 141 113 28 176 4 25 52 36 179 27 23 187 5 87 121 164 142 2 194 
15776 | 137.512162 | 128 26 191 41 137 123 67 63 142 7 13 12 182 24 179 39 51 1 176 154 37 44 0 103 197 64 82 79 116 171 61 90 110 141 164 133 71 57 135 95 159 188 175 160 148 111 74 93 112 108 81 33 125 99 78 75 18 180 196 146 144 126 60 10 166 32 62 139 46 145 86 127 49 131 91 147 138 59 183 58 143 129 119 106 132 97 65 155 3 198 170 19 181 43 77 89 124 85 98 117 173 48 66 30 153 88 14 158 105 114 96 104 83 76 101 54 162 167 100 40 35 161 115 199 84 68 186 11 177 31 134 72 73 6 174 130 92 94 15 69 150 20 169 120 56 149 107 102 109 38 50 70 55 136 34 189 22 185 152 165 140 21 80 121 168 16 156 157 118 17 193 163 53 8 195 178 29 190 9 192 52 113 47 36 172 28 4 151 25 45 187 27 5 23 87 122 184 2 42 194 
16531 | 137.382598 | 128 26 191 41 137 123 67 63 142 7 13 12 182 24 179 39 51 1 176 154 37 44 0 103 197 64 82 116 79 171 61 90 110 141 164 133 71 57 135 95 159 188 175 160 148 111 74 93 112 108 81 33 125 99 78 75 18 180 196 146 144 126 60 10 166 32 62 139 46 145 86 127 49 131 91 147 138 59 183 58 143 129 119 106 132 97 65 155 3 198 170 19 181 43 77 89 124 85 98 117 173 48 66 30 153 88 14 158 105 114 96 104 83 76 101 54 162 167 100 40 35 161 115 199 84 68 186 11 177 31 134 72 73 6 174 130 92 94 15 69 150 20 169 120 56 149 107 102 109 38 50 70 55 136 34 189 22 185 152 165 140 21 80 121 168 16 156 157 118 17 193 163 53 8 195 178 29 190 9 192 52 113 47 36 172 28 4 151 25 45 187 27 5 23 87 122 184 2 42 194 
17036 | 134.236485 | 128 26 191 41 137 123 67 142 63 13 7 182 12 179 24 1 176 39 154 51 0 37 197 103 64 44 82 79 116 171 61 110 90 141 164 133 135 57 71 95 159 74 188 175 160 148 111 93 112 75 108 81 125 33 99 78 18 180 196 10 32 60 146 144 46 126 62 139 166 145 49 86 127 120 131 91 59 147 138 118 58 183 143 129 106 97 65 132 77 3 155 198 19 43 170 181 89 119 85 98 124 48 117 88 30 14 173 66 76 153 158 105 96 114 83 101 104 54 162 100 40 167 35 161 115 84 68 199 11 72 31 6 73 186 177 134 92 69 174 130 94 15 20 70 150 56 38 169 149 50 107 102 109 55 136 189 34 22 185 152 165 140 21 168 80 16 17 156 157 163 53 193 8 178 195 29 190 9 122 192 52 113 47 36 28 172 151 4 25 45 27 23 187 5 87 121 184 42 2 194 
17540 | 134.070111 | 128 26 191 41 67 137 123 59 142 39 182 24 7 179 1 176 51 37 0 64 197 154 103 44 82 79 171 116 90 110 58 141 164 71 133 95 135 74 159 188 175 160 14 148 111 93 61 75 112 108 33 81 78 62 125 99 12 180 196 18 56 10 46 146 49 144 126 32 166 139 86 145 65 127 120 131 91 147 63 19 183 138 118 155 43 143 129 97 132 106 77 153 198 3 181 170 60 48 66 119 89 85 124 98 117 88 173 30 76 105 158 40 114 96 101 83 68 104 162 72 167 35 100 73 161 115 69 84 199 177 186 31 15 11 53 134 174 70 38 57 130 54 92 94 150 20 169 34 149 6 107 102 50 109 136 16 189 22 185 165 21 152 140 168 17 80 55 156 157 163 29 193 8 178 9 195 190 52 122 47 36 113 28 192 172 4 25 151 45 13 27 23 187 5 87 121 42 184 2 194 
18042 | 132.967082 | 128 191 26 80 41 67 137 123 142 63 24 182 39 7 179 1 176 51 154 0 197 37 44 103 82 116 64 171 90 110 141 164 133 61 135 74 95 159 188 175 57 160 148 71 111 93 14 112 75 108 81 125 99 12 180 18 46 196 33 49 146 144 126 60 10 32 166 139 62 145 86 127 120 131 91 147 19 138 118 59 183 143 129 58 48 106 43 65 132 97 77 155 3 198 170 181 119 89 124 85 98 117 173 30 88 153 158 105 114 66 96 104 83 78 101 162 40 167 72 100 161 73 115 35 31 199 84 68 53 55 20 15 186 11 177 134 6 174 69 130 92 94 150 54 70 169 149 22 56 50 107 102 109 38 136 189 21 185 16 34 152 165 140 168 17 156 157 163 29 193 8 178 195 190 9 79 122 52 192 76 113 47 28 25 172 151 36 4 27 13 45 23 187 5 87 121 184 2 42 194 
18805 | 131.707691 | 26 191 41 137 129 67 142 59 130 7 24 182 179 1 39 176 51 0 197 154 37 44 82 103 64 79 171 116 58 141 110 90 164 71 133 131 135 95 74 188 159 175 14 160 61 148 111 93 75 112 33 108 81 121 62 78 99 12 180 18 196 124 56 46 146 144 49 10 166 32 125 120 86 145 65 139 91 118 147 122 183 63 138 119 77 117 106 143 60 19 97 128 3 198 155 170 48 43 181 66 89 85 98 173 30 153 127 88 158 114 105 83 96 104 68 162 40 101 167 35 100 72 115 73 161 69 199 84 53 186 31 11 177 134 76 15 6 174 126 70 92 57 20 54 94 150 169 38 149 50 107 102 109 136 34 189 22 185 16 165 152 21 168 156 80 17 157 140 55 163 193 8 29 178 195 190 9 192 52 113 132 47 36 172 28 4 25 151 45 27 13 187 5 23 87 123 184 42 2 194 
19311 | 129.476743 | 128 191 26 41 137 67 142 59 24 182 39 7 179 1 176 51 154 37 0 44 197 64 103 82 79 116 171 90 110 58 141 71 164 133 95 74 135 159 188 175 14 160 148 111 93 61 112 75 108 121 33 81 125 78 99 62 12 180 18 196 56 10 46 146 144 49 126 139 166 32 145 120 127 65 86 131 91 118 147 63 138 122 19 43 183 143 129 119 106 117 97 132 77 155 3 198 60 170 89 48 66 181 98 85 124 88 30 173 76 153 105 40 158 114 96 104 83 101 68 35 162 100 72 73 167 53 115 69 84 161 199 20 15 186 11 177 70 134 31 174 57 92 130 94 38 150 54 50 169 149 6 34 107 102 109 136 22 189 21 185 16 152 165 140 17 168 80 55 156 157 29 163 8 193 178 195 9 190 113 52 192 47 36 172 28 151 25 4 45 27 13 23 187 5 87 123 42 184 2 194 
20828 | 128.177095 | 191 26 41 137 67 123 142 63 59 7 182 24 39 179 1 176 51 154 0 37 197 44 103 64 82 79 116 171 90 110 141 58 164 133 71 135 95 159 188 14 175 160 148 111 74 93 112 108 61 81 33 99 78 75 125 12 180 18 62 10 146 144 196 46 166 49 56 126 139 32 145 86 131 127 120 91 147 138 43 183 19 143 129 118 106 128 132 97 65 155 60 170 48 3 181 198 77 89 85 98 119 124 173 117 88 153 30 158 66 105 114 96 104 83 76 101 162 40 167 100 35 161 115 84 68 199 186 15 177 11 53 134 31 72 73 174 6 130 92 94 20 150 69 57 169 149 54 107 102 109 38 50 136 70 34 16 189 22 185 21 152 165 140 168 17 80 156 55 157 163 29 193 8 178 195 9 190 122 192 36 52 113 47 28 172 151 25 4 13 45 187 27 23 5 87 121 184 42 2 194 
21080 | 124.817021 | 128 191 26 41 137 67 123 142 59 24 182 7 39 179 1 176 51 0 37 197 154 44 103 82 79 116 171 64 110 90 141 58 164 133 95 71 135 159 188 74 175 160 14 148 111 93 112 75 99 61 33 81 108 78 125 12 180 18 196 62 10 56 146 46 144 49 126 166 32 139 145 86 127 91 120 131 65 147 118 183 19 138 63 43 155 143 129 97 132 106 77 60 153 198 3 181 48 170 89 66 119 85 124 98 117 30 173 88 76 158 40 96 83 114 105 104 68 162 35 167 101 100 115 84 161 73 72 20 199 177 186 15 53 11 6 134 31 174 92 69 94 130 57 38 150 54 169 70 50 149 107 34 102 109 136 22 189 21 185 165 16 152 140 80 168 17 55 156 157 163 29 193 8 178 195 190 9 52 122 47 113 36 192 172 28 4 25 151 45 27 13 23 187 5 87 121 42 184 2 194 
21596 | 123.849173 | 128 191 26 41 137 67 63 123 59 142 24 39 182 7 1 179 176 51 154 37 0 44 197 103 82 64 116 79 171 110 58 141 164 133 61 90 95 135 74 159 188 14 71 175 160 148 111 112 93 75 108 33 81 125 78 99 12 180 18 196 56 146 10 46 144 126 62 166 49 32 139 145 86 127 120 131 91 138 147 118 183 19 143 43 129 106 97 132 77 155 65 3 198 170 60 181 89 48 119 98 85 124 117 88 173 30 153 66 76 158 40 105 114 83 96 104 101 162 167 199 35 161 68 84 73 53 100 115 72 186 20 11 177 15 92 134 69 174 31 57 130 94 70 169 38 150 54 50 149 6 34 107 102 109 136 189 22 185 21 16 152 165 140 168 17 80 156 55 157 29 163 193 8 195 178 190 9 192 52 122 113 47 36 28 172 151 25 4 45 27 13 23 187 5 87 121 42 184 2 194 
22096 | 123.280659 | 128 191 26 41 137 67 142 59 24 182 39 7 179 1 176 51 0 154 37 44 197 64 103 82 79 116 171 110 90 58 141 133 164 95 135 71 74 159 175 188 14 148 160 111 61 93 112 75 99 33 81 121 108 125 78 62 18 180 12 196 56 146 144 46 10 126 139 49 32 166 145 120 86 127 65 131 91 118 147 63 138 122 19 183 143 43 129 119 97 117 106 155 77 132 60 198 3 48 170 181 89 85 98 124 30 173 88 66 76 158 96 40 153 83 114 105 104 101 162 35 167 100 68 115 84 161 53 73 72 199 31 177 11 15 6 174 186 69 134 92 57 130 94 20 38 70 150 54 169 50 149 34 107 102 109 136 22 189 21 16 185 165 152 140 80 168 17 55 156 157 163 8 193 29 178 195 9 190 52 47 192 113 36 172 28 4 25 151 45 13 27 23 187 5 87 123 184 42 2 194 
22349 | 121.571924 | 128 191 26 41 137 67 63 123 59 142 24 39 182 7 1 179 176 51 154 37 0 44 197 103 82 79 64 116 171 110 58 141 164 133 71 61 90 95 135 74 159 188 14 175 160 148 75 111 112 93 108 81 33 78 125 99 12 180 18 196 56 146 10 46 144 126 62 166 49 32 139 145 86 127 120 131 91 138 147 118 183 19 143 43 129 106 97 132 155 65 77 3 198 170 60 181 89 48 119 98 85 124 117 88 173 30 76 153 66 158 40 105 114 83 96 104 101 162 167 199 35 161 68 84 73 53 72 100 115 186 20 11 177 15 92 134 69 174 31 57 130 94 70 169 38 150 54 50 149 6 34 107 102 109 136 189 22 185 21 16 152 165 140 168 17 80 156 55 157 29 163 193 8 195 178 190 9 192 52 122 113 47 36 28 172 151 25 4 45 27 13 23 187 5 87 121 42 184 2 194 
23112 | 118.172125 | 128 191 26 41 137 67 123 59 142 24 39 182 7 1 179 176 51 154 37 0 44 197 64 103 82 79 116 171 110 141 164 58 133 71 90 95 135 74 159 188 14 175 160 61 148 75 111 112 93 108 81 33 78 125 99 62 12 180 18 196 56 146 10 46 144 49 126 166 32 139 145 86 127 65 120 131 91 138 147 118 63 183 19 143 43 129 106 97 132 155 77 60 3 198 170 181 89 48 119 66 98 85 124 117 88 173 30 76 153 158 40 105 114 83 96 104 101 162 167 199 35 161 68 84 73 72 100 115 53 186 20 11 177 15 92 134 69 174 31 130 94 57 70 169 38 54 150 50 149 6 34 107 102 109 136 189 22 185 21 16 152 165 140 168 17 80 55 156 157 29 163 193 8 195 178 190 9 192 52 122 113 47 36 28 172 151 25 4 45 27 13 23 187 5 87 121 42 184 2 194 
