DataSet:	circ200
RunTime:	2022-6-1 22:7:59
Method:	GeneticAlg2
Params:	P:500 E:300000 SR:0.500000
DataPath:	./resources/datasets/circ200.txt

################################################################################

500 | 160.300339 | 78 192 6 52 65 92 27 24 182 181 144 93 48 199 20 37 154 26 168 196 12 22 21 7 23 76 59 133 70 166 38 111 143 149 57 14 3 197 186 187 84 136 152 123 81 67 44 167 43 189 64 179 58 86 116 11 115 171 72 69 100 162 13 151 95 82 185 16 4 9 127 145 90 97 138 55 109 122 56 41 19 73 5 32 104 150 148 120 45 156 142 30 35 146 175 18 106 98 174 71 195 126 137 170 50 184 105 131 53 94 107 140 77 17 40 49 103 188 160 134 102 62 132 29 129 112 119 75 79 101 114 31 108 191 176 46 194 163 155 47 172 61 124 173 159 128 125 130 74 80 121 85 153 2 118 117 139 193 60 135 36 42 91 33 0 96 8 164 1 157 190 180 183 51 198 66 161 15 113 89 83 87 99 68 10 25 110 158 39 165 147 169 63 178 88 54 34 28 177 141 
2250 | 158.333074 | 78 192 6 52 65 92 27 24 183 144 93 48 199 20 37 26 196 12 22 21 7 168 23 76 151 59 133 70 153 149 160 38 111 158 143 57 156 14 3 197 186 187 84 136 154 123 81 67 162 44 43 182 189 64 58 86 116 166 11 115 72 69 100 13 95 82 184 16 4 178 9 127 165 145 90 97 138 55 109 122 56 41 19 73 5 176 32 104 148 174 120 45 142 30 35 150 146 18 106 98 71 195 175 126 137 50 105 131 53 94 107 163 185 140 159 171 169 77 17 40 49 161 103 188 134 102 62 132 155 29 129 112 180 119 75 79 101 114 177 31 108 172 170 191 46 194 47 61 124 128 125 130 173 74 80 121 85 2 118 117 139 193 60 135 36 42 91 33 0 96 8 1 190 179 51 198 66 15 113 181 89 164 152 83 87 99 68 10 25 110 167 39 147 63 88 54 157 34 28 141 
2502 | 157.613162 | 25 191 143 53 113 138 52 51 20 165 128 14 179 153 60 28 32 58 17 194 122 77 140 2 5 193 130 111 114 90 141 129 45 118 177 26 38 101 183 97 4 49 155 70 146 92 6 134 75 44 197 169 95 158 121 154 178 19 168 160 41 184 30 115 68 42 89 54 40 24 105 71 47 59 64 81 139 185 117 176 55 162 76 93 131 78 48 157 84 103 79 188 31 65 170 161 16 85 69 62 148 35 151 73 36 66 164 15 189 167 96 87 137 3 152 91 106 98 112 132 120 109 116 50 192 149 99 27 12 11 67 172 8 142 0 195 187 1 13 173 33 63 56 34 180 86 119 135 80 21 171 181 199 46 88 22 124 57 144 125 43 72 126 150 156 190 182 166 108 61 29 9 94 107 104 133 10 198 102 100 39 37 127 83 23 147 74 174 159 163 196 7 82 110 123 136 145 186 175 18 
2752 | 155.609268 | 25 191 143 53 113 138 52 51 20 165 128 14 179 153 60 28 32 58 17 194 122 77 140 2 193 130 111 114 90 141 129 45 118 177 26 38 101 183 97 49 155 70 146 92 134 75 44 197 169 95 6 158 121 154 178 19 168 160 41 184 30 115 68 42 89 54 40 24 105 71 47 59 64 81 139 185 117 176 55 162 76 93 131 78 48 157 84 103 79 188 31 65 170 161 16 85 69 62 148 35 151 73 36 66 164 15 189 167 96 87 137 152 91 106 98 112 132 120 109 116 50 192 149 99 27 3 12 11 67 172 8 142 0 195 187 1 13 173 33 63 56 34 180 86 119 135 4 80 21 171 181 199 46 88 22 124 57 144 125 43 72 126 150 156 190 182 5 166 108 61 29 9 94 107 104 133 10 198 102 100 39 37 127 83 23 147 74 174 159 163 196 7 82 110 123 136 145 186 175 18 
3502 | 154.823515 | 70 135 80 46 79 15 137 20 183 25 28 14 73 78 33 124 193 35 141 86 61 38 167 62 22 154 64 101 142 171 111 81 126 129 21 147 106 190 11 37 186 150 196 29 74 123 110 112 140 192 188 116 66 8 177 158 145 174 12 153 30 195 7 94 83 115 24 5 165 27 93 89 160 31 180 19 50 88 143 23 17 199 98 122 99 10 182 13 43 146 26 47 67 65 189 57 55 133 85 107 97 91 138 120 54 144 51 156 32 41 163 181 34 58 77 105 16 45 84 113 76 125 44 109 1 166 139 96 176 185 71 175 119 95 117 90 168 3 87 118 170 162 69 149 42 92 102 155 53 197 103 60 114 82 161 36 172 128 75 127 134 72 148 49 152 52 136 151 4 179 48 39 0 121 63 184 9 59 178 159 100 6 173 157 68 130 198 164 18 191 187 131 56 2 132 169 104 108 40 194 
3752 | 154.073446 | 78 185 6 199 52 65 92 158 27 24 184 93 148 48 162 20 155 37 26 165 12 22 21 7 23 76 59 133 160 70 38 147 111 181 57 14 189 192 152 186 84 136 123 81 151 67 144 44 43 64 58 86 116 193 11 194 115 72 69 100 157 13 159 95 82 172 16 9 127 190 180 90 97 138 55 109 122 56 156 197 41 19 188 73 32 170 104 167 120 45 153 142 30 35 18 106 98 171 71 126 137 196 50 105 183 131 53 166 94 107 140 77 17 40 150 49 143 103 145 134 102 62 132 29 129 112 119 75 174 79 101 114 177 31 182 198 5 108 179 46 0 47 61 124 173 128 125 130 74 163 175 80 121 85 176 146 118 117 139 60 135 36 42 1 91 4 195 33 178 3 96 8 169 187 2 51 66 168 15 113 89 83 87 99 68 10 191 25 110 164 39 154 63 149 88 54 34 28 141 161 
4754 | 154.035582 | 51 153 114 50 138 183 152 158 56 11 72 91 142 140 145 30 122 99 167 28 159 61 7 171 111 80 57 65 161 144 135 126 106 119 2 0 123 110 88 112 124 15 187 177 174 162 86 37 121 84 32 186 192 40 189 36 52 165 33 46 13 45 180 193 42 70 38 25 83 141 58 155 41 68 27 29 21 34 143 154 67 182 23 49 115 93 92 66 26 190 76 132 64 94 89 107 90 185 139 150 125 60 116 160 44 136 181 199 9 78 196 105 97 100 47 62 149 73 113 117 109 69 166 118 71 85 146 176 3 16 175 198 55 168 35 170 1 134 10 53 147 14 197 87 103 43 63 128 18 172 75 98 131 188 133 5 156 130 101 82 6 179 4 81 77 194 96 184 20 8 148 163 48 127 12 19 178 54 74 120 195 79 22 137 173 129 59 17 164 191 24 102 157 31 39 151 169 104 108 95 
5754 | 154.014740 | 51 189 135 87 50 67 164 137 69 102 173 17 30 93 85 198 28 66 124 70 141 181 194 81 176 154 142 57 126 14 62 129 82 147 187 150 99 101 112 123 97 111 37 140 100 32 116 71 61 158 40 145 36 84 52 75 33 153 91 46 96 45 115 109 64 4 197 42 38 160 25 5 178 193 167 166 41 143 27 83 9 29 21 186 34 122 108 15 175 23 49 177 6 179 146 7 26 169 60 55 3 107 73 65 133 95 138 120 106 78 144 88 74 156 44 188 163 191 8 190 195 185 0 58 47 125 105 90 1 174 182 139 89 53 184 16 171 119 56 117 35 180 118 63 162 149 43 2 199 155 13 18 113 114 79 161 59 68 128 94 127 134 148 80 152 136 151 20 12 170 48 104 121 19 76 98 110 159 77 22 92 183 86 103 157 54 192 130 72 196 172 24 10 131 31 165 39 132 168 11 
6256 | 153.005370 | 78 192 6 153 52 65 27 24 183 158 144 48 199 20 37 26 196 12 22 170 86 168 21 7 23 76 159 59 151 133 101 70 166 111 161 38 143 57 106 14 3 197 186 187 136 123 81 110 112 67 167 44 43 182 189 64 58 116 11 115 72 69 13 94 83 184 16 4 178 9 93 127 89 145 138 88 55 122 56 155 41 98 19 73 5 99 148 154 176 32 162 174 120 45 142 149 30 35 146 18 85 107 71 97 91 195 175 126 137 50 131 53 160 185 140 105 77 17 84 113 40 49 188 109 134 62 152 132 96 29 129 163 180 95 119 75 90 79 114 87 169 177 31 172 191 46 92 194 47 102 61 124 128 103 125 130 156 173 74 82 150 80 121 164 2 118 117 139 193 60 135 36 42 33 0 8 1 190 179 51 198 66 15 181 100 68 10 25 165 39 147 63 54 171 104 157 108 34 28 141 
6506 | 151.887332 | 88 114 79 138 183 155 158 72 151 35 11 149 142 140 84 144 30 38 122 99 61 167 28 159 62 92 7 171 111 65 161 135 126 106 119 87 2 0 123 110 112 148 124 15 187 177 174 162 81 82 121 32 85 186 192 189 165 33 13 180 143 193 25 141 70 83 27 29 21 37 50 68 34 182 42 23 67 80 91 115 93 66 26 76 78 44 47 190 132 94 57 55 90 107 185 139 125 153 54 41 116 160 136 51 181 199 9 196 105 97 100 113 58 73 117 69 109 71 166 150 154 118 146 176 3 16 175 198 168 170 1 134 147 10 86 14 197 45 103 64 128 53 46 75 18 172 98 60 145 131 188 133 5 156 130 101 77 6 49 179 4 194 43 52 152 96 184 48 20 8 163 39 127 63 12 19 178 74 59 120 195 22 36 137 173 129 89 17 164 191 24 102 56 157 31 169 104 40 108 95 
7007 | 151.673717 | 51 153 114 138 50 183 159 11 91 142 56 140 63 144 122 30 68 99 166 28 151 161 7 61 111 80 66 57 169 70 135 126 69 106 158 119 2 0 123 110 88 112 124 73 15 187 64 86 121 37 165 84 32 186 65 192 189 172 40 36 76 52 193 33 46 45 13 180 143 170 42 38 25 58 83 141 155 41 71 171 27 29 21 34 148 154 182 23 190 49 149 115 93 92 132 185 26 160 75 94 89 107 90 168 139 125 116 136 60 181 167 199 9 44 78 163 196 105 67 97 100 146 62 47 113 117 109 152 118 85 3 16 174 198 55 177 1 35 134 10 14 53 197 87 103 43 128 98 18 131 188 173 133 164 5 175 156 176 150 130 101 82 194 147 145 6 179 4 81 96 184 178 20 8 72 48 127 12 19 77 54 195 120 74 22 79 137 129 59 191 17 24 102 157 31 39 162 104 108 95 
7509 | 150.390534 | 21 42 165 28 23 48 177 103 62 131 114 47 79 153 166 168 1 24 54 179 78 115 92 51 6 34 181 124 98 194 172 53 183 52 156 126 70 95 129 146 33 40 145 133 77 55 43 10 180 192 196 46 123 67 159 59 17 157 199 9 49 45 190 7 167 30 75 87 85 82 88 185 11 27 56 137 107 3 20 26 108 155 63 44 13 142 144 2 15 36 61 122 113 69 74 84 189 72 148 14 39 140 151 154 111 160 94 73 83 106 141 120 170 152 162 161 0 68 99 93 104 182 25 89 90 149 174 22 116 125 173 101 195 38 12 18 66 58 186 97 71 57 163 31 105 119 5 198 65 138 96 118 91 37 112 16 169 134 175 171 29 188 187 150 176 158 4 197 191 143 76 132 32 80 139 130 128 147 64 193 19 178 109 127 35 60 81 164 41 121 102 117 100 86 50 184 8 135 110 136 
8759 | 147.820466 | 114 48 153 53 183 28 159 52 144 51 11 122 33 166 60 151 58 161 35 77 169 7 126 133 90 111 158 119 40 70 143 123 2 0 101 110 97 124 112 121 136 15 92 187 165 75 177 174 95 186 192 30 189 13 180 193 25 68 89 170 54 27 21 31 105 42 59 37 145 155 64 171 138 81 182 23 55 115 76 154 93 78 26 44 84 149 148 103 190 79 65 132 142 38 160 185 85 146 69 46 62 43 168 32 137 73 125 116 72 167 66 41 181 140 34 199 163 9 196 96 87 113 91 134 106 98 109 117 49 152 50 118 99 176 3 16 175 198 67 39 1 10 14 197 63 56 128 71 86 18 172 131 80 36 188 164 5 139 156 88 150 57 135 130 6 179 4 29 194 184 20 8 61 94 107 104 127 12 19 178 102 120 100 195 22 129 83 45 173 74 147 17 157 47 191 24 162 82 141 108 
9509 | 146.430015 | 114 48 153 53 183 28 159 52 144 51 11 122 33 166 60 151 58 161 35 77 169 7 126 133 90 111 158 119 40 70 143 123 2 0 101 110 97 124 112 121 136 15 92 187 165 75 177 174 95 82 186 192 30 189 13 180 193 25 68 89 170 54 27 21 31 105 42 59 37 145 155 64 171 138 81 182 23 55 115 76 154 93 78 26 44 84 149 148 103 190 79 65 132 142 38 160 185 85 146 69 46 62 43 168 32 137 73 125 116 72 167 66 41 181 140 34 199 163 9 196 96 87 113 91 134 106 98 109 117 49 152 50 118 99 176 3 16 175 198 67 39 1 10 14 197 63 56 128 71 86 18 172 131 80 36 188 164 5 139 156 88 150 57 135 130 6 179 4 29 194 184 20 8 61 94 107 104 127 12 19 178 102 120 100 195 22 129 83 45 173 74 147 17 157 47 191 24 162 141 108 
10259 | 145.228006 | 51 153 114 138 50 79 183 159 11 91 72 142 56 140 63 144 122 30 99 166 28 151 161 7 61 111 80 57 169 135 65 126 106 158 119 2 0 123 110 88 112 124 197 15 187 86 121 37 165 84 32 186 198 192 172 40 189 36 52 33 46 45 13 180 143 170 42 193 38 25 58 70 83 141 155 41 171 27 68 29 21 34 148 154 182 67 23 49 149 115 93 92 66 190 132 76 26 160 78 64 94 89 107 90 185 168 139 125 116 136 60 181 167 199 9 44 163 105 97 100 73 146 62 47 113 69 117 109 71 152 118 85 3 16 174 55 177 1 195 35 134 196 10 14 53 87 103 43 128 98 18 131 75 188 173 133 164 5 175 156 176 150 130 101 82 147 145 77 194 6 179 4 81 96 184 178 20 8 48 127 12 19 74 54 120 22 137 129 59 17 191 24 102 157 31 39 162 104 108 95 
11510 | 144.377133 | 21 165 23 52 177 103 62 131 114 79 48 153 166 168 1 37 24 179 78 115 92 6 181 124 98 194 172 38 183 156 57 126 70 95 129 146 145 133 77 10 180 192 196 44 43 123 67 159 58 59 17 157 199 9 190 7 167 75 87 85 82 88 185 11 27 55 56 137 107 41 3 20 26 108 155 63 32 13 142 144 2 45 15 61 122 30 35 113 69 74 84 189 72 148 14 50 140 151 154 53 111 160 94 73 83 106 141 120 170 40 152 162 49 161 0 68 99 93 104 182 25 89 29 90 149 174 22 116 125 31 173 101 195 12 18 46 66 47 186 97 71 163 105 119 5 198 65 138 96 118 91 112 16 169 134 175 171 36 42 188 187 150 176 158 4 197 33 191 143 76 132 80 51 139 130 128 147 64 193 19 178 109 127 60 81 164 39 121 102 117 100 86 54 184 34 8 28 135 110 136 
12760 | 143.349513 | 114 48 153 53 28 138 183 52 158 51 11 142 122 140 60 144 58 35 77 151 167 7 126 159 90 111 119 171 135 40 70 123 161 2 0 101 110 97 124 112 121 15 92 187 177 75 95 174 30 162 32 186 13 192 25 189 68 89 54 27 165 21 105 42 59 37 180 143 131 64 193 81 23 55 141 155 115 76 93 78 26 44 84 103 79 65 148 154 182 38 85 33 149 69 46 62 190 43 73 125 116 72 185 66 41 160 139 34 136 199 9 181 196 96 87 113 91 106 146 98 109 117 49 166 50 132 118 99 152 3 16 176 198 168 67 39 170 175 1 10 14 197 63 56 134 128 71 86 18 80 172 36 188 5 133 88 150 57 156 147 130 145 6 4 179 29 194 20 184 8 61 163 94 107 104 127 12 19 178 102 120 100 195 22 173 129 137 83 164 45 74 157 17 47 191 169 31 24 82 108 
13510 | 139.870045 | 21 165 23 52 183 177 103 62 131 114 79 48 153 166 168 1 37 24 179 78 115 92 6 124 98 194 172 38 156 57 126 70 95 129 146 145 133 77 10 192 196 44 43 123 67 187 159 58 59 17 157 199 9 190 7 167 186 75 87 85 82 88 189 11 27 55 56 137 107 41 180 3 20 26 108 155 63 32 13 142 144 2 45 15 182 61 122 30 35 113 69 74 84 72 148 14 50 140 151 154 53 185 111 160 94 73 83 106 141 120 181 170 40 152 162 49 161 0 68 99 93 104 25 89 29 90 149 174 22 116 125 31 173 101 195 12 18 46 66 47 97 71 163 105 119 5 198 65 138 96 118 91 112 188 16 169 134 175 171 36 42 150 176 158 4 197 33 184 191 143 76 132 80 51 139 130 128 147 64 193 19 178 109 127 60 81 164 39 121 102 117 100 86 54 34 8 28 135 110 136 
17018 | 138.130316 | 78 114 48 199 153 53 183 28 52 144 165 51 11 122 33 60 151 58 37 76 7 126 133 70 111 119 40 143 123 84 101 110 97 124 112 81 121 136 15 187 177 169 158 86 95 186 192 30 189 13 168 180 193 72 160 25 69 82 54 27 21 31 105 42 59 145 155 64 138 182 23 55 115 89 73 162 154 90 26 44 149 148 103 190 65 132 71 170 142 38 161 35 185 146 46 62 43 32 164 137 77 125 167 91 116 66 41 181 140 93 9 196 96 113 134 75 106 98 79 109 117 49 172 152 50 118 99 176 16 173 67 39 10 14 197 198 63 74 56 128 80 171 0 18 85 131 188 5 139 156 150 57 135 36 130 6 179 4 166 29 194 1 184 20 8 3 61 107 104 94 127 2 12 19 178 102 120 83 87 100 195 22 68 174 159 129 45 163 147 17 92 157 88 47 191 24 34 141 175 108 
17773 | 136.835674 | 114 48 153 53 183 28 159 11 144 52 122 51 166 33 60 151 58 161 7 35 169 77 90 126 133 111 158 119 123 143 40 101 70 97 2 0 110 124 112 92 136 121 15 187 75 95 165 177 174 186 192 30 189 13 180 193 25 89 68 54 170 27 21 105 31 42 59 37 145 64 81 155 182 23 171 55 138 115 93 76 78 154 26 44 84 148 103 190 149 79 65 132 142 38 185 160 85 146 69 46 62 43 32 168 73 137 125 116 72 66 167 41 181 140 34 199 163 9 196 96 87 113 91 134 106 98 109 117 49 152 50 118 99 176 3 16 175 198 67 39 1 10 14 197 63 56 128 71 86 18 131 172 80 36 188 5 164 139 156 150 88 57 135 130 6 179 4 194 29 184 8 20 61 94 107 104 127 12 178 19 102 120 100 195 22 129 83 45 173 74 147 17 157 47 191 24 162 82 141 108 
18777 | 131.605348 | 114 48 53 153 183 28 11 159 52 51 144 122 33 166 60 58 151 161 35 7 169 77 126 133 90 111 40 158 143 119 70 123 2 0 101 110 97 124 121 112 136 15 92 187 75 95 82 165 186 192 177 174 30 189 13 193 25 68 89 54 27 180 21 31 105 170 42 59 37 64 81 145 182 23 55 155 171 76 138 115 93 78 26 44 154 84 190 103 79 149 148 65 132 38 185 142 85 160 69 46 62 146 43 32 137 73 168 125 116 72 66 167 41 181 34 199 140 163 196 9 96 87 113 91 106 134 98 109 117 49 50 152 118 99 3 16 176 198 175 67 39 10 1 14 197 63 56 128 71 86 18 172 131 80 188 164 36 5 139 156 150 88 135 57 130 179 6 4 29 194 8 184 20 61 107 94 104 127 178 12 19 120 102 100 195 22 129 83 173 45 147 74 157 17 191 47 24 162 141 108 
19027 | 131.580261 | 114 48 53 153 183 28 11 159 52 51 144 122 33 166 60 58 151 161 35 7 169 77 126 133 111 90 40 158 143 119 70 123 2 0 101 110 97 112 124 121 136 15 92 187 75 95 82 165 186 192 177 174 30 189 13 193 25 68 89 54 27 180 21 31 105 170 42 59 37 64 81 145 182 23 55 155 171 115 76 138 93 78 26 44 154 84 190 103 79 149 148 65 132 38 185 142 85 160 69 46 62 146 43 32 137 73 168 116 125 72 66 167 41 181 34 199 140 163 196 9 96 87 113 91 106 134 109 98 117 49 50 152 118 99 3 16 176 198 175 67 39 10 1 14 197 63 56 128 71 86 18 172 131 80 188 164 36 5 139 156 150 88 135 57 130 179 6 4 29 194 8 184 20 61 107 94 104 127 178 12 19 120 102 100 195 22 129 83 173 45 147 74 157 17 191 47 24 162 141 108 
21051 | 131.257324 | 114 48 153 53 183 28 159 144 11 52 122 51 166 33 151 60 58 161 7 35 169 77 126 133 90 111 158 119 123 143 40 70 2 0 110 124 112 97 101 121 92 136 15 187 165 75 95 177 174 186 30 192 13 189 180 25 193 68 89 54 170 27 21 105 31 42 59 37 145 155 64 171 81 138 182 23 55 76 115 154 93 78 26 44 149 84 148 103 79 190 65 132 142 38 160 185 85 69 146 46 62 43 168 32 137 73 125 116 72 66 167 41 181 34 140 199 9 163 196 96 87 113 134 91 106 98 109 117 49 50 152 118 99 3 176 16 175 198 67 39 1 10 14 197 63 56 71 128 18 172 86 131 80 36 188 5 164 139 156 57 150 88 130 135 6 4 179 29 194 8 184 20 61 107 94 104 127 12 19 178 102 120 100 195 22 129 83 45 173 74 147 17 157 47 24 191 162 141 82 108 
21814 | 130.718788 | 114 48 153 53 183 28 159 11 144 52 51 151 33 122 60 58 166 161 35 7 77 135 126 90 111 143 169 119 40 70 123 2 0 97 101 110 158 124 112 121 92 187 15 186 75 95 189 165 192 180 30 193 13 25 172 89 68 54 170 27 21 105 31 145 42 59 155 37 138 64 81 182 171 23 55 154 115 93 76 78 26 149 148 44 84 190 103 79 142 65 132 185 38 160 146 85 69 46 62 43 32 168 73 125 116 72 136 181 66 140 41 167 34 199 196 9 163 96 87 113 91 106 98 109 117 152 49 50 3 118 99 174 198 177 16 67 39 134 1 10 14 197 63 56 71 128 86 18 188 80 131 173 164 36 139 156 133 5 175 88 150 57 130 176 6 4 179 29 194 184 20 8 61 94 107 104 127 12 19 178 102 120 100 195 22 137 129 83 45 74 147 17 157 47 191 24 162 141 82 108 
22832 | 128.010073 | 114 48 153 53 183 28 159 52 144 11 51 122 166 33 60 151 58 161 35 169 7 77 126 133 111 90 119 158 143 40 70 123 2 0 101 110 97 124 112 121 92 136 15 187 165 75 95 177 174 186 30 192 189 13 180 193 25 68 89 54 170 27 21 31 42 105 59 37 145 81 171 64 155 182 23 55 138 76 78 93 115 154 26 44 149 84 190 148 103 79 65 132 142 38 160 185 69 85 146 46 62 43 32 168 73 137 125 116 72 66 167 41 181 34 140 199 163 9 196 96 87 113 134 91 106 98 109 117 49 152 50 118 99 176 16 175 3 67 198 39 1 10 14 197 63 56 71 128 18 172 131 86 80 36 188 164 5 156 139 150 57 88 135 130 6 179 4 194 29 184 8 20 61 107 104 94 127 12 178 19 102 120 100 195 22 129 83 45 173 74 147 17 157 47 191 24 162 141 82 108 
23603 | 127.647671 | 114 48 153 53 199 183 28 52 159 51 144 11 122 33 166 151 60 58 35 7 161 77 126 133 111 90 119 40 158 143 70 123 2 0 101 110 124 97 112 121 92 136 15 187 169 75 95 177 174 165 30 186 192 189 13 180 168 25 193 89 68 54 27 105 21 31 42 59 37 145 171 64 81 155 23 182 138 55 78 93 76 115 154 26 44 84 149 148 103 190 79 132 65 142 38 185 85 69 146 46 170 160 43 62 32 137 73 125 116 72 66 41 181 140 34 167 9 196 163 96 87 113 134 91 106 98 109 117 49 152 50 118 99 176 3 16 198 175 67 1 39 10 14 197 63 56 128 71 18 172 131 86 80 188 5 36 164 156 139 150 88 57 135 130 6 179 4 194 29 184 8 20 61 107 104 94 127 12 178 19 102 120 100 195 22 129 83 173 45 74 147 157 17 47 162 191 24 141 82 108 
23857 | 126.579343 | 114 48 153 53 183 28 159 144 11 52 122 51 166 33 151 60 58 35 161 7 169 77 126 133 111 90 119 40 158 143 123 70 2 0 101 110 97 124 112 121 92 136 15 187 165 75 95 186 192 177 30 174 189 13 25 193 68 89 54 27 180 21 31 170 42 105 59 37 145 81 64 182 155 23 171 55 138 76 115 78 93 154 26 44 149 190 84 148 103 79 65 132 142 38 160 185 69 85 146 46 62 43 32 168 73 137 125 116 72 66 167 41 181 34 140 199 163 196 9 96 87 113 134 91 106 98 109 117 49 50 152 118 99 3 16 176 198 175 67 39 10 1 197 14 63 56 128 71 18 172 131 86 80 188 164 36 5 139 156 150 57 88 135 130 179 6 4 29 194 8 184 20 61 107 104 94 127 178 12 19 102 120 100 195 22 129 83 173 45 74 147 17 157 191 47 24 162 141 82 108 
24367 | 124.774763 | 114 48 53 153 183 28 159 11 144 52 51 122 33 166 151 60 58 161 35 7 169 77 126 133 111 90 119 40 158 143 123 70 2 0 101 110 97 124 112 121 92 136 15 187 165 75 95 186 192 177 30 174 189 13 193 25 68 89 54 27 180 21 31 170 105 42 59 37 145 81 64 182 23 155 55 171 138 76 115 78 93 26 154 44 149 190 84 148 103 79 65 132 38 142 160 185 69 85 46 146 62 43 32 168 73 137 125 116 72 66 167 41 181 34 140 199 163 196 9 96 87 113 134 91 106 98 109 117 49 50 152 118 99 3 176 16 198 175 67 39 10 1 14 197 63 56 128 71 172 18 131 86 80 188 164 36 5 139 156 150 57 88 135 130 179 6 4 29 194 8 184 20 61 107 104 94 127 178 12 19 102 120 100 195 22 129 83 173 45 74 147 17 157 47 191 24 162 141 82 108 
24871 | 123.705533 | 114 48 53 153 183 28 159 11 52 144 51 122 166 33 60 58 151 161 35 7 169 77 126 133 111 90 119 158 143 70 40 123 0 2 101 110 97 124 112 121 92 136 15 187 165 75 95 177 174 186 192 30 189 13 193 25 68 89 54 170 27 21 180 31 105 42 59 37 145 64 81 171 182 155 23 55 138 76 78 93 115 154 44 26 149 84 190 148 103 79 65 132 142 38 29 185 160 69 85 146 62 46 43 32 168 73 137 125 116 72 66 167 41 181 34 199 140 163 196 9 96 87 113 134 91 106 98 109 117 49 50 152 118 99 3 176 16 198 175 67 39 10 1 14 197 56 63 71 128 172 18 131 86 80 36 188 5 164 156 139 150 88 135 57 130 6 179 4 194 8 20 184 61 107 104 94 127 178 12 19 102 120 100 195 22 129 83 45 173 74 147 17 157 47 191 24 162 141 82 108 
25389 | 122.305171 | 114 48 53 153 183 28 11 159 52 144 51 122 33 166 58 151 161 35 7 169 77 126 133 111 90 158 40 143 70 119 123 2 0 97 101 110 112 124 121 92 136 15 187 75 95 165 177 174 186 192 30 189 13 193 180 25 68 89 54 27 21 31 170 105 42 59 37 64 155 145 81 182 23 171 55 76 115 138 93 78 26 44 154 103 84 190 149 65 148 79 132 38 29 185 142 160 85 69 62 146 46 43 32 168 137 73 116 125 72 66 167 181 41 34 140 199 163 9 196 96 87 113 91 106 134 98 109 117 49 50 152 118 99 176 3 16 175 198 67 39 1 10 14 197 63 56 71 128 172 18 86 131 80 188 5 164 36 60 139 156 150 88 135 57 130 6 179 4 194 184 8 20 61 94 107 104 127 12 178 19 120 102 100 195 22 129 83 45 173 74 147 17 157 47 191 24 162 141 82 108 
25650 | 121.546123 | 114 48 53 153 183 28 159 11 144 52 51 122 33 166 60 151 58 161 35 7 169 77 126 133 111 90 119 158 40 143 123 70 2 0 101 110 97 124 112 121 92 136 15 187 177 75 95 165 174 186 192 30 180 13 189 193 25 68 89 54 27 170 167 21 31 42 105 59 37 145 81 64 182 171 23 155 55 138 76 115 78 93 26 154 44 149 84 190 148 103 79 65 132 142 38 160 185 69 85 146 46 62 43 32 168 73 137 125 116 72 66 41 181 34 140 163 199 9 196 96 87 113 134 91 106 98 109 117 49 152 50 118 99 176 3 16 175 198 67 39 10 1 14 197 63 56 128 71 18 172 131 86 80 188 36 164 5 139 156 150 57 88 135 130 6 179 4 29 194 8 184 20 61 107 104 94 127 12 178 19 102 120 100 195 22 129 83 45 173 74 147 17 157 47 191 24 162 141 82 108 
26183 | 121.290153 | 114 48 153 53 183 28 159 11 144 52 51 122 166 33 60 151 58 161 35 169 7 77 126 133 111 90 119 40 158 143 70 123 2 0 101 110 97 124 112 121 92 136 15 187 165 75 95 177 186 192 174 30 189 13 180 193 25 68 89 54 27 170 21 31 42 105 59 37 145 81 64 171 155 182 23 55 138 76 115 78 93 154 26 44 149 190 148 84 103 79 65 132 142 38 160 185 69 85 146 46 62 43 32 168 73 137 125 116 72 66 167 41 181 140 34 199 163 196 9 96 87 113 134 91 106 98 109 117 49 152 50 118 99 176 3 16 175 198 67 39 10 1 14 197 63 56 128 71 18 172 131 86 80 36 188 164 5 156 139 150 57 88 135 130 6 179 4 29 194 8 184 20 61 107 104 94 127 12 178 19 102 120 100 195 22 129 83 45 173 74 147 157 47 17 191 24 162 141 82 108 
