DataSet:	circ200
RunTime:	2022-5-31 13:45:40
Method:	GeneticAlg2
Params:	P:500 E:300000 SR:0.500000
DataPath:	./resources/datasets/circ200.txt

################################################################################

500 | 164.696190 | 58 42 20 138 164 36 180 106 51 156 137 52 98 192 32 57 119 116 171 185 121 14 184 6 44 7 182 167 67 70 175 178 5 82 148 68 87 152 131 1 9 48 49 129 39 109 94 102 127 100 17 95 133 128 91 47 183 187 141 181 21 134 144 72 107 103 59 165 118 172 151 154 28 143 194 11 199 169 84 3 193 177 135 195 146 101 142 4 157 24 108 153 147 124 79 56 125 38 130 150 55 19 145 13 190 126 73 0 132 78 189 166 115 74 89 104 90 163 33 76 22 69 63 27 26 2 160 191 50 159 179 198 168 117 97 54 60 92 65 45 23 46 158 64 113 85 99 110 12 120 71 123 114 31 176 75 155 53 186 173 10 149 61 105 30 83 8 18 136 112 15 188 197 81 80 43 122 37 162 40 196 41 161 16 96 174 93 140 34 35 29 25 62 111 66 170 77 88 139 86 
750 | 158.613363 | 58 42 26 138 164 36 180 106 51 156 137 52 98 192 32 57 119 116 23 171 185 121 14 184 6 44 7 182 167 67 70 175 178 5 82 148 68 87 152 131 1 9 48 49 129 39 109 94 102 127 100 17 95 133 128 91 47 183 187 31 141 181 134 144 72 107 103 59 165 118 172 151 154 143 194 11 199 169 84 3 193 177 135 195 146 101 142 4 157 108 153 147 124 79 56 125 38 130 150 55 19 145 13 190 25 126 73 0 29 132 78 189 28 166 115 74 89 104 90 163 33 76 69 63 2 160 20 191 21 50 159 179 198 168 22 117 97 54 60 92 65 45 27 46 158 64 113 85 99 110 12 120 71 123 114 176 24 75 155 53 186 173 10 149 61 105 83 8 18 136 112 15 188 197 81 80 43 122 37 162 40 196 41 161 16 96 174 93 140 34 35 62 111 30 66 170 77 88 139 86 
1000 | 157.208630 | 58 42 26 138 164 36 180 106 51 156 137 52 98 192 32 57 119 116 23 171 185 121 14 184 6 44 7 182 167 67 70 175 178 5 82 148 68 87 152 131 1 9 48 49 129 39 109 79 94 102 127 100 17 95 133 128 91 74 47 183 187 31 78 141 181 134 144 72 107 103 59 165 118 172 151 154 143 194 11 199 169 84 3 193 177 135 81 195 146 101 142 4 157 108 153 147 124 56 125 38 130 150 55 19 80 145 13 190 25 126 73 0 29 132 189 28 166 115 89 104 90 163 33 69 63 2 160 20 191 21 50 159 179 198 168 22 117 97 75 54 60 92 65 45 27 46 158 64 113 85 99 110 12 76 120 71 123 114 176 24 155 53 186 173 10 149 61 105 83 8 18 136 112 15 188 197 43 122 37 162 40 196 41 161 16 96 174 77 93 140 34 35 62 111 30 66 170 88 139 86 
1750 | 155.701597 | 58 42 174 20 160 182 36 162 161 106 176 192 51 186 52 113 98 32 166 57 135 124 149 14 134 180 6 44 141 7 190 67 70 133 5 167 82 68 121 87 111 150 1 9 48 49 140 39 122 94 102 100 17 95 91 47 139 178 21 72 107 103 59 168 142 138 163 183 28 11 199 115 84 172 3 146 148 101 4 24 108 117 159 79 56 153 38 187 126 120 55 19 184 13 125 119 170 73 0 132 78 177 123 151 169 74 89 104 90 110 33 76 22 69 128 63 118 27 26 2 196 191 50 154 198 129 171 145 173 97 114 54 60 92 65 45 23 136 46 64 137 85 99 181 12 71 155 31 165 75 127 194 185 53 179 143 10 116 61 105 131 30 83 112 8 144 156 175 18 193 15 157 197 189 81 80 43 37 152 195 40 158 41 147 16 96 93 130 34 109 164 35 29 25 188 62 66 77 88 86 
2500 | 154.921979 | 17 91 153 151 120 63 42 6 189 1 47 174 43 96 127 85 102 56 138 125 54 51 10 21 178 68 124 155 60 142 93 161 19 144 100 141 75 126 73 95 29 196 195 74 137 118 86 108 94 160 131 79 7 22 13 121 81 48 139 130 83 35 198 176 101 154 92 46 116 39 156 113 36 88 44 109 80 128 181 197 123 115 114 28 104 105 136 52 133 33 167 84 87 193 55 152 62 31 119 89 66 58 191 186 37 140 172 20 164 38 27 177 32 157 50 90 9 76 82 129 162 25 97 103 107 69 134 65 30 199 185 98 192 24 169 53 135 71 158 183 40 187 61 0 194 146 45 165 23 145 111 15 143 70 149 106 147 57 159 112 171 26 2 99 64 132 168 179 150 110 148 59 72 12 11 41 67 122 180 170 175 18 173 78 166 34 190 163 77 184 182 14 49 4 117 3 188 8 16 5 
4000 | 153.246100 | 189 72 122 34 197 130 75 101 121 66 92 5 106 70 54 187 115 94 155 191 123 128 91 82 96 87 190 98 103 22 63 161 15 6 74 158 71 135 61 31 140 56 159 157 53 9 134 23 33 108 99 186 57 195 35 62 110 149 45 156 151 14 139 52 4 10 17 50 58 112 183 8 25 36 165 65 29 160 148 104 118 64 141 0 16 175 150 59 137 136 185 27 181 93 109 84 199 19 198 126 113 81 3 117 49 133 43 152 80 26 177 163 38 48 105 47 28 37 173 188 129 67 142 97 11 162 111 32 153 164 2 7 42 144 76 88 196 179 18 154 146 69 138 60 116 143 167 193 40 178 184 89 170 55 44 100 41 132 125 147 83 86 95 77 78 127 172 12 21 166 145 1 13 194 79 171 114 168 102 120 90 24 119 107 85 131 73 20 180 30 176 124 68 51 169 174 39 192 182 46 
4500 | 151.912065 | 17 91 153 151 120 63 27 42 6 189 1 47 174 43 96 127 85 102 56 138 125 54 51 10 21 178 68 124 155 60 142 93 161 19 144 100 141 75 126 73 95 196 195 74 137 118 86 108 94 160 131 79 7 22 13 121 81 48 139 130 83 35 198 25 176 101 154 92 46 116 28 39 156 113 36 88 44 109 80 128 181 197 123 115 114 104 105 136 52 133 33 167 84 87 193 55 152 62 119 89 66 58 191 186 37 70 140 172 20 164 38 177 32 157 50 90 9 76 82 129 162 97 103 107 69 134 65 71 199 185 98 192 24 169 53 135 158 183 40 187 61 0 194 29 146 45 165 23 145 30 111 15 143 149 106 147 57 159 112 26 171 2 99 64 132 168 179 150 110 148 59 72 12 11 41 67 122 180 170 31 175 18 173 78 166 34 190 163 77 184 182 14 49 4 117 3 188 8 16 5 
6754 | 150.273672 | 72 165 34 0 102 75 66 92 106 117 70 143 54 122 94 183 187 4 91 132 82 125 137 87 101 22 63 178 59 161 15 138 74 71 61 166 31 56 170 53 23 33 130 57 35 150 109 62 139 45 9 148 189 131 184 159 14 52 126 135 163 10 17 50 6 144 96 107 25 188 36 65 29 7 151 64 133 16 118 103 98 120 95 2 27 136 167 93 108 84 128 19 164 169 81 100 193 49 168 185 180 43 80 123 26 38 48 145 47 174 28 155 37 197 177 119 140 67 11 199 173 32 153 176 115 149 172 42 58 76 88 97 104 18 157 175 69 162 179 1 186 5 3 40 160 89 55 113 146 44 41 127 110 83 152 86 77 114 105 141 78 195 190 191 12 21 8 121 147 13 196 79 112 129 142 158 20 192 156 90 24 60 99 85 198 154 73 124 134 30 68 111 51 171 182 116 39 181 194 46 
7004 | 148.048011 | 58 92 42 26 138 164 97 80 36 51 180 106 52 156 77 192 137 78 32 57 119 83 121 116 23 171 185 14 184 6 44 7 182 167 87 67 70 175 178 5 148 135 68 152 131 129 134 1 9 48 49 39 127 109 102 100 17 141 128 88 96 47 183 187 31 181 144 72 107 103 59 165 118 172 151 154 143 194 11 169 199 3 193 177 146 101 142 195 4 157 108 153 147 56 124 38 130 125 150 55 19 145 84 13 190 25 73 126 0 29 189 28 166 90 133 115 86 74 104 93 91 163 33 76 94 69 63 2 160 20 95 191 21 50 159 198 179 168 22 117 54 60 65 45 27 46 158 64 113 82 110 12 120 71 123 79 132 114 176 24 75 155 53 85 186 173 10 149 136 61 105 89 8 18 81 197 112 15 122 98 188 196 43 37 162 40 41 161 140 99 16 174 34 35 62 111 30 66 139 170 
8504 | 145.722924 | 92 19 192 66 46 16 188 97 104 143 80 10 75 60 147 110 76 190 116 72 45 36 83 67 113 101 124 73 161 174 126 139 65 74 125 87 121 1 198 185 136 39 151 187 48 184 181 30 105 128 148 50 68 119 176 149 42 20 141 88 96 111 55 127 129 8 14 9 189 64 27 195 186 33 26 144 109 173 24 28 4 11 0 199 159 17 51 160 167 123 164 146 12 165 140 118 44 62 69 57 63 58 172 23 179 193 41 84 175 70 130 49 47 103 78 90 152 53 86 191 93 91 94 169 154 162 29 133 171 153 35 61 95 115 31 21 134 107 7 180 183 142 117 177 5 52 155 150 56 54 157 163 131 82 2 13 79 71 145 15 197 178 85 77 40 156 168 89 108 102 32 43 158 135 81 170 100 106 98 6 25 166 37 138 112 122 38 22 182 132 99 120 137 59 194 3 196 114 34 18 
9005 | 145.416766 | 92 78 39 63 97 46 164 38 83 180 197 3 156 60 128 101 141 194 199 171 185 7 121 184 12 196 182 31 167 11 175 89 105 110 178 116 111 36 148 21 0 9 45 152 68 103 113 26 70 107 125 124 96 69 102 40 91 126 183 17 187 122 29 181 23 123 90 15 129 165 142 172 151 88 154 143 62 44 169 5 195 16 177 104 73 109 146 84 136 157 22 153 56 54 147 71 82 43 51 48 150 140 59 133 57 130 76 112 35 49 52 81 189 18 24 166 10 75 118 93 74 120 163 20 34 80 4 87 94 79 108 30 145 160 6 25 1 86 65 19 159 193 2 179 95 168 114 115 135 55 61 64 131 158 32 138 144 137 176 190 155 50 186 173 149 192 41 28 42 37 139 188 100 98 77 191 33 13 67 53 162 132 47 119 161 27 174 85 117 14 99 106 134 66 198 170 8 127 72 58 
10510 | 141.089098 | 58 166 42 20 176 29 197 51 52 177 9 34 149 128 57 141 194 182 14 7 44 121 196 175 170 160 67 105 70 1 87 110 116 68 111 48 63 183 49 187 3 156 79 103 17 39 113 32 157 81 91 164 83 93 107 94 90 153 47 125 124 179 21 102 72 33 147 31 126 88 122 59 167 171 80 96 123 148 129 84 64 142 30 161 11 152 143 178 181 199 28 195 188 98 104 109 180 146 136 189 24 185 173 101 73 165 97 140 85 56 174 133 74 130 55 112 82 19 38 13 155 118 76 120 99 69 108 145 22 6 193 26 169 100 114 115 135 50 2 5 158 65 131 54 163 60 150 45 23 138 46 92 71 144 95 36 75 137 40 4 12 190 172 186 53 192 184 10 37 61 151 139 18 15 191 43 132 41 119 78 117 106 134 16 159 198 8 35 127 89 86 162 25 66 154 27 62 77 168 0 
15514 | 140.166362 | 92 78 39 63 97 46 164 38 180 197 3 156 60 128 83 101 141 14 194 199 171 185 7 121 184 12 196 182 31 167 11 89 175 105 110 178 116 111 36 148 21 0 9 45 152 68 103 113 26 107 70 125 124 96 69 102 40 91 126 183 17 187 122 29 181 23 123 15 90 129 165 142 172 151 154 143 88 62 44 169 5 195 16 177 73 104 109 146 136 157 22 84 153 56 54 147 71 82 43 51 48 150 140 59 133 57 130 76 112 35 49 81 52 13 189 18 24 166 75 118 74 93 120 163 20 34 4 80 87 94 79 108 30 145 160 6 25 1 65 19 86 159 193 2 179 168 114 95 115 135 55 61 64 131 158 32 138 10 144 137 176 190 155 50 186 173 149 192 41 28 42 37 139 188 100 77 98 191 33 67 53 162 132 47 119 161 27 174 85 117 99 106 134 66 198 170 8 127 72 58 
16518 | 137.128813 | 92 97 46 164 197 80 156 74 83 77 128 101 141 78 194 171 182 199 6 45 36 12 7 196 87 31 183 167 187 11 175 5 105 110 114 116 111 148 21 0 9 39 152 103 113 48 26 107 125 124 68 88 96 102 126 17 42 179 29 69 123 55 129 23 15 165 172 142 73 151 154 61 143 169 33 181 195 3 188 16 104 63 136 109 75 178 180 146 157 22 4 189 153 59 147 51 185 44 150 140 57 133 84 130 72 112 41 49 60 90 58 118 18 47 24 166 120 86 122 53 93 91 20 163 65 108 94 30 145 160 177 25 1 19 159 35 193 2 95 168 121 115 135 76 64 131 158 52 32 82 56 54 138 79 144 137 176 50 155 71 190 186 14 62 184 173 149 10 85 40 192 28 89 81 191 43 8 139 100 98 67 13 37 119 162 38 132 70 161 27 174 117 99 106 134 66 198 34 170 127 
19532 | 134.441763 | 92 78 39 63 97 46 164 38 180 197 3 156 60 128 83 101 141 194 199 171 185 7 184 12 196 31 182 167 89 11 175 105 110 114 178 116 121 111 148 36 0 21 9 45 152 68 103 113 26 107 70 125 96 124 69 102 91 40 183 17 126 187 29 181 23 90 15 165 129 142 172 151 154 88 62 143 44 169 5 195 16 177 73 104 109 146 136 56 84 123 157 54 153 22 147 71 82 43 51 150 48 140 59 133 57 130 76 112 49 35 189 81 52 18 166 10 24 75 118 93 74 163 20 4 34 87 80 94 108 79 145 160 30 6 1 25 19 159 65 86 193 2 179 95 168 115 135 131 55 158 61 64 138 32 144 137 176 190 155 14 50 186 173 149 41 28 192 42 37 139 188 100 98 77 33 191 67 53 13 47 162 122 119 132 27 161 85 174 99 117 106 120 134 66 198 170 8 127 72 58 
21309 | 132.075860 | 92 78 39 63 97 46 164 38 180 197 3 156 60 128 83 101 141 171 14 194 199 185 7 184 12 196 182 124 167 31 11 175 89 105 110 178 116 111 121 148 21 0 9 45 152 68 103 26 113 70 107 125 96 40 69 95 102 91 126 183 17 187 29 181 23 90 129 15 165 142 172 151 88 154 143 62 44 169 5 195 16 177 104 73 109 136 146 157 22 84 123 153 56 54 147 36 71 82 43 51 48 150 140 59 133 57 35 130 76 49 112 81 52 13 189 166 18 24 75 118 74 93 163 20 34 4 80 108 87 94 79 145 160 30 6 25 1 65 19 159 86 193 114 2 168 179 115 135 131 55 61 138 64 144 158 32 137 10 176 190 155 50 186 173 149 192 41 139 28 42 37 100 98 188 77 191 33 67 132 53 162 122 119 47 161 27 174 117 99 85 106 120 134 66 198 170 8 127 72 58 
21559 | 129.690504 | 92 78 39 63 97 46 164 38 180 197 3 156 60 128 83 101 141 194 171 199 185 7 184 12 196 182 31 124 167 11 175 89 105 110 178 116 111 121 36 148 9 21 0 45 152 68 103 26 113 70 107 125 96 40 69 95 102 91 126 17 183 187 29 181 23 90 129 15 165 142 172 151 88 154 143 62 44 169 5 195 16 177 104 73 109 136 146 157 22 84 123 153 56 54 147 71 82 43 51 48 150 140 59 133 57 130 76 35 49 112 81 52 18 189 24 166 10 75 118 74 93 163 4 34 20 80 108 87 94 79 30 145 160 6 25 1 19 65 159 193 2 86 114 168 179 115 135 131 55 61 138 64 32 144 158 137 176 14 190 155 50 186 173 149 28 192 41 139 42 37 100 98 188 77 191 33 67 132 53 13 162 122 119 47 161 27 174 117 99 85 106 120 134 66 198 170 8 127 72 58 
22571 | 126.926246 | 92 78 39 63 97 46 164 38 180 197 3 156 60 128 83 101 141 194 199 171 185 7 184 12 196 182 167 175 31 11 89 105 178 110 116 111 148 9 36 21 0 152 45 103 68 113 26 107 70 125 124 96 69 102 91 40 126 183 17 187 181 29 123 90 165 129 23 15 142 172 151 154 88 143 62 169 44 5 195 16 177 104 109 73 136 146 22 157 84 153 56 54 71 147 82 43 51 150 140 48 133 130 59 57 35 112 76 49 81 118 52 18 189 10 24 166 75 120 93 122 74 163 4 20 34 80 94 87 79 108 145 160 6 30 25 159 1 19 65 86 193 2 179 168 135 131 121 95 114 115 55 61 64 138 144 32 158 137 176 190 14 186 173 155 50 192 41 28 149 42 37 139 188 100 77 98 191 33 67 53 162 119 47 132 13 27 161 174 85 99 106 117 134 66 198 170 8 72 127 58 
23336 | 124.396976 | 92 78 39 63 97 164 197 46 38 180 3 156 60 128 83 101 141 14 194 199 171 185 7 184 12 182 196 31 167 87 11 175 89 105 110 178 116 111 148 36 21 45 0 152 9 68 103 113 26 107 125 124 70 69 96 102 91 126 40 183 17 187 29 181 23 123 90 129 165 15 172 142 154 151 88 143 62 169 195 5 177 44 16 73 109 104 146 136 56 157 54 153 22 71 147 82 43 51 48 150 140 84 133 59 130 76 112 49 35 57 81 118 52 189 13 18 24 166 75 120 122 86 74 93 20 34 163 4 80 79 94 108 145 160 30 6 159 25 1 193 19 65 179 2 168 121 114 95 115 135 61 55 131 158 64 138 144 137 176 32 190 10 155 50 192 186 173 41 149 28 42 139 37 188 85 100 191 98 77 33 67 53 119 132 47 162 161 27 174 99 117 106 134 66 198 170 8 127 72 58 
24346 | 122.174057 | 92 78 39 63 97 46 164 38 27 180 197 3 156 60 128 83 101 141 199 194 171 185 7 184 12 196 182 167 31 175 11 89 110 105 178 114 116 121 111 36 148 9 21 0 45 152 68 103 70 113 107 125 69 96 124 102 40 183 17 29 187 91 181 23 90 126 15 28 165 129 172 151 62 154 143 88 44 169 5 195 16 177 73 104 109 146 136 84 157 22 56 123 54 153 147 71 82 43 51 150 48 140 59 133 57 130 76 112 81 35 49 52 18 189 10 24 166 75 118 93 74 163 34 20 4 80 94 87 108 30 79 145 160 6 25 65 142 1 19 159 193 179 2 168 95 115 86 131 55 135 61 138 64 144 158 32 176 155 137 190 50 149 186 14 192 173 41 139 26 42 37 100 188 191 77 98 33 67 53 162 122 132 119 13 47 161 174 85 117 99 106 120 134 66 198 170 8 72 127 58 
25104 | 120.488647 | 92 78 39 63 97 46 164 38 27 180 197 3 156 60 128 83 101 141 194 199 165 185 7 184 12 182 196 167 11 175 31 89 114 105 110 178 116 121 111 9 148 21 0 45 103 152 68 107 113 70 96 125 102 69 124 91 40 17 183 187 29 126 23 181 15 90 129 171 28 172 151 154 143 88 142 62 44 169 5 195 16 177 104 109 73 146 136 84 157 22 123 56 153 54 43 147 82 71 51 48 150 133 140 59 57 35 130 76 81 112 49 52 189 18 10 24 166 75 118 93 74 163 20 4 34 80 94 87 79 108 145 160 30 6 25 19 1 65 159 86 193 2 179 168 115 135 131 95 55 158 61 138 64 144 176 32 137 155 14 190 186 173 149 50 192 41 37 42 139 26 188 100 77 98 33 191 67 162 53 122 119 132 13 161 47 174 36 117 85 99 120 106 134 66 198 170 8 127 72 58 
25877 | 119.727031 | 92 78 39 63 97 46 164 38 180 197 3 156 60 128 83 101 141 194 14 199 171 185 7 184 196 12 182 167 31 11 175 89 105 110 116 111 178 148 36 21 9 0 45 152 103 68 113 26 107 125 124 70 96 102 69 91 126 40 183 187 17 29 123 181 23 90 15 129 165 142 172 151 154 88 143 62 44 5 169 195 16 177 104 109 73 136 146 22 84 157 153 56 54 82 71 147 43 140 51 150 48 133 130 59 35 57 112 76 81 118 49 52 13 189 18 24 166 75 120 93 122 74 4 20 34 163 80 94 87 79 108 6 30 145 160 25 1 159 2 65 86 19 193 179 168 135 131 121 95 114 115 55 61 138 64 144 32 158 137 190 10 176 155 50 186 192 28 173 41 149 42 37 188 139 100 77 98 191 33 67 119 53 162 132 47 27 161 174 85 99 106 117 134 66 198 170 8 127 72 58 
