DataSet:	circ200
RunTime:	2022-6-1 22:2:6
Method:	GeneticAlg2
Params:	P:500 E:300000 SR:0.500000
DataPath:	./resources/datasets/circ200.txt

################################################################################

500 | 161.498104 | 22 154 69 37 198 170 26 123 43 167 58 79 139 165 104 155 151 163 76 156 56 196 36 39 88 84 83 75 124 20 0 159 171 199 144 12 121 106 107 96 86 191 9 42 131 118 57 149 176 189 177 172 10 7 1 97 93 15 87 99 16 178 142 62 137 35 8 141 193 197 136 46 181 71 73 183 179 184 5 134 150 100 117 18 44 130 91 24 188 28 164 140 157 153 68 70 41 65 162 90 148 119 78 175 126 4 32 108 74 61 14 166 135 64 77 21 34 25 152 147 33 89 168 3 80 50 182 67 102 127 158 40 113 53 49 116 111 17 115 98 161 169 38 145 72 125 103 109 51 129 45 52 82 48 59 133 19 27 132 185 105 114 81 13 190 54 174 55 143 94 29 23 122 173 85 180 101 138 194 195 2 92 95 112 110 160 120 63 60 128 187 186 146 31 192 66 6 11 47 30 
1000 | 160.305090 | 22 36 91 181 161 145 26 32 84 79 184 50 112 191 133 165 189 90 140 170 188 35 160 9 56 118 95 99 61 71 46 53 131 14 55 120 44 137 96 164 107 3 194 31 110 149 38 175 45 183 69 159 82 74 129 155 124 48 34 127 123 171 12 1 63 85 130 174 176 154 75 10 13 114 89 42 179 190 41 0 182 192 198 180 196 78 5 197 93 39 33 167 135 172 152 19 11 193 97 15 54 25 100 125 70 6 166 158 77 73 106 87 83 86 115 143 138 136 105 139 168 153 28 8 116 60 58 2 21 109 185 16 132 146 173 178 148 126 113 92 66 102 29 157 40 47 17 37 186 81 119 52 121 134 103 199 169 104 65 76 94 67 187 43 4 156 62 177 23 195 163 80 108 111 128 27 51 150 151 144 117 72 30 88 98 162 147 101 64 49 59 122 142 57 18 7 20 24 68 141 
1250 | 159.187717 | 0 18 81 41 122 168 197 130 30 185 10 96 119 145 163 25 144 88 174 160 9 76 147 120 3 181 50 57 141 102 87 105 65 176 191 98 89 67 74 43 114 159 173 111 22 195 61 108 16 187 188 138 139 36 171 11 39 40 93 104 121 28 157 84 126 117 127 23 123 24 193 196 6 135 60 99 189 161 53 54 151 59 7 15 79 149 49 134 113 152 32 19 33 71 100 198 166 95 118 69 2 72 115 140 143 199 165 73 132 178 148 31 27 86 29 66 158 37 129 91 167 194 162 42 136 179 13 184 175 183 47 62 63 103 186 131 125 133 116 110 26 14 190 83 97 182 51 70 156 55 56 8 154 169 48 137 170 46 153 146 34 192 5 94 80 124 180 172 21 38 77 101 82 177 17 164 4 106 20 155 44 75 68 109 128 58 142 150 90 92 64 107 35 1 112 45 52 78 85 12 
1751 | 156.337401 | 151 9 5 160 80 145 131 58 56 158 37 27 154 155 112 23 34 15 173 3 12 26 169 40 196 138 171 92 109 71 0 38 118 8 25 149 59 141 83 144 181 157 28 120 53 192 142 6 97 132 50 159 110 55 166 35 84 168 7 134 124 130 190 14 123 79 133 126 47 152 184 175 140 114 48 147 81 104 176 85 66 107 49 129 69 30 18 177 41 156 143 39 179 32 189 161 13 44 29 74 60 99 67 77 106 22 33 195 63 150 82 42 170 87 188 115 11 197 43 68 19 116 185 96 73 108 86 101 91 72 10 182 146 180 95 113 127 4 198 20 172 187 167 193 2 162 194 45 21 75 137 78 119 76 121 191 135 98 36 16 199 183 163 52 103 94 153 57 136 54 100 102 46 93 70 111 164 17 128 88 64 62 117 89 165 61 148 51 139 178 186 174 90 122 24 1 31 125 105 65 
2253 | 155.519416 | 18 81 41 122 2 168 130 30 185 194 96 119 145 163 104 25 5 144 88 174 160 10 76 147 120 181 50 57 141 87 65 176 98 89 67 74 43 106 107 159 198 173 22 61 16 14 4 187 188 138 139 36 171 39 40 93 7 121 191 28 157 84 126 117 127 23 123 24 135 60 99 189 161 53 54 13 151 59 79 149 49 134 152 32 19 33 71 6 100 166 3 95 118 69 72 115 140 143 165 73 132 178 148 31 27 11 108 86 29 66 158 37 129 91 167 162 42 136 179 9 184 175 192 183 47 102 62 199 63 113 186 131 125 133 116 111 26 190 195 83 97 182 8 51 70 103 109 156 55 56 154 169 48 137 170 46 153 146 1 34 196 105 94 114 80 124 193 12 180 172 21 38 77 82 177 15 17 0 164 101 197 20 155 44 75 112 68 110 128 58 142 150 90 92 64 35 45 52 78 85 
4005 | 152.151278 | 151 9 189 5 160 80 145 131 58 158 37 27 57 154 155 112 23 34 15 173 3 193 12 26 169 40 138 171 92 109 71 0 38 118 8 195 25 149 59 141 83 144 181 157 28 120 142 6 97 132 159 110 166 190 35 84 168 7 134 124 52 130 14 123 79 133 126 47 152 184 175 140 114 147 81 104 176 85 66 107 129 69 30 18 177 41 156 143 39 179 32 161 13 44 29 74 60 99 53 54 67 77 106 22 33 63 150 82 42 170 87 188 115 11 197 43 55 68 194 19 116 185 96 73 108 86 101 91 72 10 192 182 146 180 51 95 113 127 4 198 20 172 187 167 2 162 196 45 21 75 137 78 119 76 121 135 98 36 191 16 199 183 163 103 94 153 136 100 102 46 50 93 70 111 164 17 56 128 49 88 64 62 117 89 165 61 148 139 178 186 174 90 122 24 1 48 31 125 105 65 
4257 | 151.608030 | 89 122 130 35 179 121 112 53 76 107 195 13 142 6 83 109 77 45 177 196 20 5 180 25 182 133 100 135 123 103 151 46 145 120 188 52 165 184 12 22 74 127 62 54 66 27 178 131 124 114 44 0 47 159 31 118 155 160 169 30 7 11 80 126 152 108 116 32 26 93 102 113 59 136 63 183 168 34 173 39 99 96 42 19 175 71 86 166 139 90 194 28 21 57 69 87 23 97 60 70 115 94 167 85 125 105 161 56 132 150 73 101 91 158 198 33 193 75 110 43 40 79 88 186 14 81 24 143 111 129 78 197 10 146 17 181 148 82 162 38 134 92 191 157 117 128 98 67 176 48 106 84 2 187 147 199 190 163 36 189 170 64 51 138 156 172 137 68 58 49 104 185 16 1 37 140 50 141 72 55 95 174 41 61 4 9 65 8 149 144 29 3 192 164 153 119 154 171 15 18 
4507 | 149.765149 | 151 9 189 5 166 160 80 145 131 58 158 37 27 57 154 155 112 23 34 15 3 193 12 26 40 138 92 109 71 0 38 118 8 195 25 171 149 59 141 83 144 181 157 28 120 142 170 6 97 132 159 110 190 35 173 84 7 134 124 52 130 14 123 79 133 126 47 152 169 184 140 114 147 167 81 104 176 172 85 66 107 129 69 30 18 177 41 156 143 39 179 32 161 13 44 29 74 60 99 53 54 67 77 106 22 33 63 150 82 42 87 188 115 11 197 43 55 68 194 19 116 185 96 73 108 86 101 91 72 10 192 182 146 168 180 51 174 95 113 127 4 198 20 187 2 162 196 45 21 75 137 78 119 76 121 135 98 36 191 16 199 183 163 103 94 153 136 100 102 46 50 93 70 111 164 17 56 128 49 88 64 62 117 89 165 61 148 139 178 186 90 122 24 175 1 48 31 125 105 65 
5757 | 149.563060 | 89 122 130 35 121 112 53 76 107 195 13 142 6 83 109 77 45 196 173 20 5 180 25 182 133 100 135 123 103 151 46 145 120 188 52 165 184 12 22 74 127 62 54 66 27 131 124 114 44 0 47 159 31 118 155 160 169 30 7 11 80 126 152 108 116 32 26 175 93 102 113 59 136 63 176 183 168 34 39 99 96 42 19 177 71 86 166 139 90 179 194 28 21 57 69 87 23 97 60 70 115 94 167 85 125 105 161 56 132 150 73 101 91 158 198 33 193 75 110 43 40 79 88 186 14 81 24 143 111 129 78 197 10 146 17 181 148 82 162 38 134 92 191 157 117 128 98 67 48 106 84 2 187 147 199 190 163 36 189 170 64 51 138 156 172 137 68 58 49 104 185 16 1 37 140 50 141 72 55 95 41 61 4 9 65 8 149 144 178 29 3 174 192 164 153 119 154 171 15 18 
6007 | 146.080060 | 151 22 189 9 166 5 160 80 26 145 131 58 158 154 37 57 155 112 34 3 193 12 40 138 92 109 71 0 38 118 8 195 171 149 59 141 83 144 181 157 28 120 142 170 6 97 132 110 35 159 84 190 7 134 173 124 52 130 14 123 79 133 126 47 152 140 114 147 81 169 184 104 85 167 66 107 129 69 176 30 172 41 143 39 32 13 19 177 44 156 29 74 60 179 161 15 99 53 54 25 67 77 106 33 63 150 82 42 87 115 188 11 197 43 55 68 194 116 96 73 185 108 86 101 91 72 10 21 192 146 182 16 168 180 51 174 95 113 127 4 198 2 187 196 162 17 45 75 137 78 119 76 121 135 98 36 191 199 183 163 103 94 136 100 102 153 46 23 50 93 70 111 56 164 27 128 49 88 64 62 117 89 61 165 148 139 90 122 178 186 1 18 48 20 175 31 24 125 105 65 
9011 | 145.655718 | 151 9 189 160 90 5 80 112 131 58 158 37 27 154 155 57 143 23 34 173 15 3 193 88 12 26 40 169 92 138 71 0 171 38 109 8 195 149 144 25 59 83 157 181 28 6 120 97 132 190 159 35 84 110 7 166 168 52 134 14 79 124 130 47 123 133 184 126 114 152 81 142 176 175 118 85 140 147 66 69 104 87 30 18 177 107 116 41 129 39 179 32 156 113 13 44 146 29 161 74 60 99 53 54 67 77 22 33 106 63 82 141 150 42 170 188 11 197 43 55 115 68 194 19 185 96 73 86 108 101 91 72 10 192 182 180 51 127 95 4 172 198 111 20 187 167 2 196 45 162 21 117 75 137 78 119 121 76 135 98 36 191 16 199 183 153 103 163 94 100 102 46 50 136 93 70 17 56 164 49 89 64 128 62 165 148 61 139 145 178 186 174 24 1 48 122 31 125 105 65 
9511 | 143.982756 | 22 181 161 145 84 79 184 50 37 191 27 74 133 109 34 153 189 140 170 188 26 160 9 118 40 92 95 99 61 131 73 71 120 38 14 137 96 107 25 165 3 194 183 175 52 69 105 159 28 82 129 110 124 127 123 12 1 44 171 63 85 130 35 174 154 176 164 75 10 13 46 114 108 155 179 152 190 0 182 192 198 180 196 78 5 197 48 167 30 135 19 11 172 41 193 53 97 39 15 32 103 54 100 70 29 6 125 77 33 158 87 150 42 83 102 86 115 55 143 138 136 139 168 43 8 116 91 111 149 60 58 2 21 51 185 166 16 132 146 173 178 148 126 113 45 151 66 157 17 186 81 119 121 134 199 65 169 76 67 36 187 4 94 156 62 23 177 195 163 93 80 112 128 56 144 117 106 72 88 98 104 89 162 101 64 57 147 49 59 90 122 142 18 7 24 20 31 47 68 141 
10264 | 142.892302 | 151 9 130 5 181 166 80 160 58 56 145 37 27 158 184 23 34 15 154 155 3 191 189 12 26 40 196 92 188 174 113 71 0 38 171 118 8 149 25 141 59 144 133 83 157 135 176 28 120 142 53 170 6 97 50 159 55 35 84 173 183 7 124 131 14 106 123 79 126 47 152 169 114 109 48 147 167 81 104 85 172 179 66 190 49 69 30 18 182 192 41 156 39 143 180 32 13 44 161 29 74 60 112 99 136 67 77 22 33 195 63 82 150 42 139 87 115 11 197 43 68 19 116 96 73 86 101 91 72 10 132 111 95 127 146 4 198 168 20 185 178 175 193 2 194 45 21 162 75 134 78 119 186 76 121 98 36 16 199 187 52 103 94 138 163 57 137 153 54 110 100 102 46 93 107 70 108 164 177 17 128 88 64 140 62 117 89 165 129 148 61 51 90 122 24 1 31 125 105 65 
13031 | 142.616016 | 151 9 5 179 160 145 43 131 84 79 158 37 27 50 112 74 154 155 23 34 39 15 173 3 12 26 169 180 138 109 92 182 171 61 0 73 71 118 8 25 149 141 144 42 188 184 192 157 28 120 142 178 52 97 69 132 110 35 82 6 159 166 168 7 134 63 190 14 85 124 130 123 75 175 133 126 46 140 114 147 152 176 104 107 183 44 129 30 18 78 177 143 41 32 13 29 156 48 189 53 99 161 54 106 70 22 33 195 150 77 115 87 83 197 170 11 55 19 116 96 40 108 86 101 91 60 10 58 146 51 95 38 113 127 186 4 20 172 198 193 167 45 2 194 66 162 196 181 21 81 137 119 121 135 65 98 76 36 191 67 16 199 187 163 103 94 62 153 136 100 102 80 93 56 164 17 185 72 111 128 88 117 89 64 165 57 148 49 139 59 174 90 122 24 1 31 47 68 125 105 
13281 | 140.243635 | 151 9 189 160 5 80 131 158 58 37 145 27 57 154 155 112 23 34 15 3 193 12 26 40 138 92 109 0 38 71 118 8 195 25 171 141 59 83 144 157 181 28 142 149 170 6 159 97 132 166 110 35 190 168 173 84 7 52 134 124 79 130 14 123 133 126 152 47 184 169 140 114 81 104 172 176 48 66 85 107 129 69 30 147 18 44 177 41 143 156 39 179 32 161 74 60 13 29 53 54 99 67 77 106 22 33 82 63 42 43 87 115 188 11 197 55 150 194 68 19 116 96 185 108 73 86 101 91 72 10 192 182 180 174 95 113 51 146 127 4 198 20 187 2 167 196 162 45 21 120 75 137 119 78 121 76 135 98 36 191 16 199 183 103 94 163 136 100 50 153 102 93 70 111 46 17 164 56 128 88 64 117 89 49 165 62 139 178 186 148 61 90 122 24 175 1 31 125 105 65 
15288 | 140.077699 | 151 9 189 160 5 80 145 131 58 158 37 27 57 154 155 112 23 34 15 3 193 12 26 40 138 92 109 71 0 38 118 8 195 25 171 59 149 141 83 144 157 181 28 142 170 6 159 97 132 166 190 110 35 168 173 7 84 134 124 52 130 14 123 79 133 126 47 152 169 184 140 114 147 104 81 176 172 85 107 66 129 69 30 18 177 41 156 143 39 179 32 161 13 44 29 74 99 60 53 54 67 77 106 22 33 63 82 150 42 87 115 188 11 197 43 55 68 194 19 116 185 96 73 108 86 101 91 72 10 192 146 182 180 51 174 95 113 127 198 4 20 2 187 167 162 45 196 21 120 75 137 78 119 76 121 135 98 36 191 16 199 183 103 94 163 136 153 100 102 46 50 93 70 111 17 164 56 128 49 88 64 62 117 89 165 61 139 148 178 186 90 122 175 24 1 48 31 125 105 65 
15540 | 137.436438 | 151 9 189 5 160 2 145 131 58 84 158 37 57 27 112 154 155 23 34 3 15 193 90 12 26 40 138 109 92 71 8 171 38 118 25 195 149 59 141 144 181 157 28 6 170 120 142 190 132 82 110 97 35 159 173 7 166 52 134 14 79 85 124 130 123 133 126 47 169 184 140 89 114 147 152 48 176 66 172 104 69 107 129 30 177 18 41 39 143 179 32 13 29 74 156 60 99 53 54 161 67 77 106 44 22 33 63 150 42 115 188 11 87 83 197 43 55 86 68 194 19 185 116 96 108 73 101 91 72 199 192 182 10 180 146 168 174 51 95 113 127 198 187 4 20 196 167 162 21 45 137 75 81 119 78 121 135 76 98 36 191 1 183 16 163 103 153 136 50 94 100 102 93 80 70 46 164 17 56 0 111 128 64 49 62 88 117 165 148 186 178 61 139 175 122 24 31 125 105 65 
16547 | 136.501372 | 151 9 189 5 160 2 145 131 58 84 158 37 57 27 154 155 23 112 34 3 15 193 90 12 26 40 138 109 118 92 71 8 171 38 25 195 149 59 141 144 181 157 28 6 170 142 190 132 82 97 35 110 159 173 7 166 52 134 14 79 85 123 124 130 133 126 47 169 184 140 89 114 147 152 48 176 66 172 104 69 107 129 30 177 18 41 39 143 179 32 13 29 74 156 60 99 53 54 161 67 77 106 44 22 33 63 150 42 115 188 11 87 83 197 43 55 116 86 68 194 19 185 96 108 73 101 91 72 199 192 182 10 180 146 168 174 51 95 113 127 198 187 4 20 196 167 162 21 120 45 137 75 81 119 78 121 135 76 98 36 191 1 183 16 163 103 153 136 50 94 100 102 93 111 80 70 46 164 17 56 0 128 117 64 49 62 88 165 148 186 178 122 61 139 175 24 31 125 105 65 
17306 | 135.554512 | 151 9 189 160 5 2 145 131 58 84 158 37 57 154 27 155 23 112 34 3 15 193 90 12 26 40 138 109 118 92 71 8 171 38 25 195 149 59 141 144 181 157 28 6 170 142 159 190 132 82 97 35 110 173 7 166 52 134 14 79 85 123 124 130 133 126 47 152 169 184 140 89 114 147 48 176 66 172 104 69 107 129 30 177 18 41 156 39 143 179 32 13 161 29 74 60 99 53 54 67 77 106 44 22 33 63 42 150 115 188 11 87 83 197 43 55 116 86 68 194 19 185 96 108 73 101 91 72 199 192 182 10 180 146 168 174 51 95 113 127 198 187 4 20 196 167 162 21 120 45 137 75 81 119 78 121 135 76 98 36 191 1 183 16 163 103 153 136 50 94 100 102 93 111 80 70 46 164 17 56 0 128 117 64 49 62 88 165 148 186 178 122 61 139 175 24 31 125 105 65 
19081 | 135.298126 | 151 9 189 160 5 80 131 158 58 37 145 27 57 154 155 112 23 34 15 3 193 12 26 40 138 92 109 0 38 71 118 8 195 25 171 141 59 83 144 157 181 142 149 28 170 6 159 97 132 166 110 35 190 168 173 84 7 52 124 134 79 130 14 123 133 126 152 47 184 169 140 114 81 104 172 176 48 66 85 107 129 69 30 147 44 177 18 41 143 156 39 179 32 161 74 60 13 29 53 54 99 67 77 106 22 33 82 63 42 43 87 115 188 11 197 55 150 19 194 68 116 96 185 108 73 86 101 91 72 10 192 182 180 174 95 113 51 146 127 20 4 198 187 2 167 196 21 162 45 120 75 137 119 78 121 76 135 98 36 191 16 199 183 103 94 163 136 100 50 153 102 93 70 111 46 17 164 56 128 88 64 89 117 49 165 62 139 178 186 148 61 90 122 24 175 1 31 125 105 65 
20096 | 134.834660 | 151 9 189 160 5 80 131 158 58 145 37 27 57 154 155 112 23 34 15 3 193 12 26 40 138 92 109 0 38 71 118 8 195 25 171 141 59 83 144 157 181 142 28 149 170 6 159 97 132 166 110 35 190 168 173 7 84 52 134 124 79 14 130 123 120 126 152 47 184 169 140 114 81 104 172 176 48 66 85 107 129 69 30 18 147 44 177 41 143 156 39 32 179 13 29 161 74 60 53 54 99 67 77 106 22 33 82 63 42 43 87 115 188 11 197 55 150 194 19 68 116 96 185 108 73 86 101 91 10 72 192 182 180 174 95 113 51 146 127 4 198 20 187 2 196 167 162 21 45 133 75 137 119 78 121 76 135 98 36 191 16 199 183 103 94 163 136 100 50 153 102 93 70 111 17 46 164 56 128 88 64 117 89 49 165 62 139 178 186 148 61 90 122 24 175 1 31 125 105 65 
20353 | 134.598870 | 151 9 189 160 5 80 131 158 58 37 145 27 57 154 155 112 23 34 15 3 193 12 26 40 138 92 109 0 38 71 118 8 195 25 171 141 59 83 144 157 181 142 149 28 170 6 159 97 132 166 110 35 190 168 173 84 7 52 134 124 79 130 14 123 133 126 152 47 184 169 140 114 81 104 172 176 48 66 85 107 129 69 30 147 44 177 18 41 143 156 39 179 32 161 74 60 13 29 53 54 99 67 77 106 22 33 82 63 42 43 87 115 188 11 197 55 150 19 194 68 116 96 185 108 73 86 101 91 72 10 192 182 180 174 95 113 51 146 127 20 4 198 187 2 167 196 21 162 45 120 75 137 119 78 121 76 135 98 36 191 16 199 183 103 94 163 136 100 50 153 102 93 70 111 46 17 164 56 128 88 64 117 89 49 165 62 139 178 186 148 61 90 122 24 175 1 31 125 105 65 
20615 | 133.157805 | 151 9 189 160 5 80 131 158 58 37 145 27 57 154 155 112 23 15 34 3 193 12 26 40 138 92 109 0 38 71 118 8 195 25 171 141 59 83 144 157 181 28 142 149 170 6 159 97 132 110 166 35 190 168 173 84 7 52 134 124 130 79 14 123 133 126 152 47 184 169 140 114 81 104 172 176 48 66 85 107 129 69 30 147 44 177 18 41 143 156 39 179 32 161 74 60 13 29 53 54 67 77 99 106 33 22 82 63 42 43 87 115 188 11 197 55 150 194 68 19 116 96 185 73 108 86 101 91 72 10 192 182 180 174 95 113 51 146 127 198 4 20 2 187 196 167 162 21 45 75 78 120 137 119 76 121 135 98 36 199 191 16 183 103 94 163 136 100 50 153 70 102 93 111 46 17 164 56 128 88 64 117 89 49 165 62 139 178 186 148 61 90 122 175 24 1 31 125 105 65 
21133 | 130.279479 | 151 9 189 160 5 80 131 158 145 58 37 27 57 154 155 112 23 34 15 3 193 12 26 40 138 92 109 71 0 118 38 8 25 195 171 141 149 59 83 144 157 181 28 142 170 6 190 159 132 97 110 166 35 168 173 7 124 84 134 52 130 123 14 79 133 184 126 47 152 147 169 140 81 114 104 172 176 66 85 129 107 69 30 18 177 41 143 39 156 179 32 161 13 44 29 74 60 53 54 67 77 99 106 22 63 33 82 42 87 115 188 11 197 43 55 150 116 68 19 194 185 96 108 73 86 101 91 72 10 192 182 180 174 51 113 95 127 146 198 4 20 187 196 2 167 45 162 21 120 137 75 119 78 121 76 135 98 36 191 16 183 199 103 94 163 136 100 153 46 50 102 93 70 111 17 164 128 56 49 88 64 117 89 62 165 148 139 61 178 186 90 122 24 175 1 48 31 125 105 65 
22175 | 130.170060 | 151 9 189 5 160 80 131 158 145 58 37 27 57 154 155 112 23 34 15 3 193 12 26 40 138 92 109 71 118 38 0 25 195 8 171 141 149 59 83 144 157 181 28 142 170 6 190 159 132 97 110 166 35 7 168 173 124 84 134 52 79 130 123 14 133 184 126 47 152 147 169 140 81 114 104 172 176 66 85 69 129 107 30 18 177 41 143 39 156 179 32 161 13 44 29 74 60 53 54 67 99 77 106 22 63 33 82 42 87 115 188 197 43 11 55 150 116 68 19 194 185 96 108 73 86 101 91 72 10 192 182 180 174 51 113 95 127 146 198 4 20 187 196 167 2 45 162 21 120 75 137 119 78 121 76 135 98 36 191 16 183 199 103 94 163 136 100 153 46 50 102 93 70 111 17 164 128 56 49 88 64 117 89 62 165 148 139 61 178 186 90 122 24 175 1 48 31 125 105 65 
22707 | 130.036689 | 151 9 189 160 5 80 131 158 58 37 145 27 57 154 155 112 23 34 15 3 193 12 26 40 138 92 109 0 38 71 118 8 195 25 171 141 59 83 144 157 181 142 149 28 170 6 159 97 132 110 166 35 190 168 173 84 7 52 134 124 130 79 14 123 133 126 152 47 184 169 140 114 81 104 172 176 48 66 85 107 129 69 30 147 44 18 177 41 143 156 39 179 32 161 74 60 13 29 53 54 67 77 99 106 33 186 82 63 42 43 87 115 188 11 197 55 150 19 194 68 116 96 185 73 108 86 101 91 72 10 192 182 180 174 95 113 51 146 127 20 4 198 187 2 196 167 162 21 45 75 78 120 137 119 76 121 135 98 36 191 16 199 183 103 94 163 136 100 50 153 70 102 93 111 46 17 164 56 128 88 64 117 89 49 165 62 139 178 22 148 61 90 122 24 175 1 31 125 105 65 
22967 | 129.672584 | 151 9 189 160 5 80 131 158 58 37 145 27 57 154 155 112 23 34 15 3 193 12 26 40 138 92 109 0 38 71 118 8 195 25 171 141 59 83 144 157 181 142 149 28 170 6 159 97 132 110 166 35 190 168 173 7 84 52 134 124 79 130 14 123 133 126 152 47 184 169 140 114 81 104 172 176 48 66 85 107 129 69 30 147 18 177 44 41 143 156 39 179 32 161 13 29 74 60 53 54 67 99 77 106 22 33 82 63 42 43 87 115 11 188 197 55 150 194 19 68 116 96 185 108 73 86 101 91 72 10 192 182 180 174 95 113 51 146 127 20 4 198 187 2 196 167 162 21 45 120 75 137 119 78 121 76 135 98 36 16 191 199 183 103 94 163 136 100 50 153 102 93 70 111 46 17 164 56 128 88 64 117 89 49 165 62 139 178 186 148 61 90 122 24 175 1 31 125 105 65 
23225 | 128.711231 | 151 9 189 160 185 5 80 131 158 58 145 37 27 57 154 155 112 23 34 15 3 193 12 26 40 138 109 92 0 71 118 38 8 195 25 171 141 59 83 144 157 28 181 142 149 170 6 159 97 110 132 166 190 35 168 173 7 84 134 52 124 130 79 14 123 133 126 152 47 184 169 140 114 81 104 172 176 48 66 85 107 129 69 30 147 177 18 41 143 39 156 32 179 13 161 74 44 29 60 53 54 67 77 106 99 22 33 82 63 42 87 115 188 11 197 43 55 150 68 194 19 116 96 108 73 86 101 91 72 10 192 182 180 174 95 113 51 146 127 198 4 20 187 2 167 162 196 21 45 75 78 120 137 119 76 121 135 98 36 191 16 199 183 103 94 163 136 100 50 153 102 70 93 111 46 17 164 56 128 88 64 117 89 49 165 62 139 178 148 186 61 90 122 24 175 1 31 125 105 65 
23504 | 128.701052 | 151 9 189 5 160 80 58 158 37 145 27 57 154 155 112 23 34 15 3 193 12 26 40 138 109 92 0 38 71 118 8 195 25 171 141 59 83 144 157 181 142 149 28 170 6 159 97 132 110 166 35 190 168 173 7 84 52 134 124 130 79 14 123 133 126 152 47 184 169 140 114 104 81 172 176 48 66 85 107 69 129 30 147 44 18 177 41 143 156 39 179 32 161 74 60 13 29 53 54 99 67 77 106 22 33 82 63 42 43 115 87 188 11 197 55 150 194 19 68 116 96 185 73 108 86 101 91 72 10 192 182 180 174 95 113 51 146 127 20 198 4 187 2 196 167 162 21 45 120 75 137 119 78 121 135 76 98 131 36 191 16 199 183 103 94 163 136 100 50 153 102 93 70 111 46 17 164 56 128 88 64 117 89 49 165 62 139 178 186 148 61 90 122 24 175 1 31 125 105 65 
