DataSet:	circ200
RunTime:	2022-6-23 7:32:25
Method:	RMHC3
Params:	P:100 E:25000
DataPath:	./resources/datasets/circ200.txt

################################################################################

1 | 187.107719 | 32 75 193 49 74 167 37 180 45 174 130 50 139 155 69 88 160 72 182 188 47 53 30 128 73 187 148 44 99 183 106 164 103 1 129 184 189 145 21 170 59 83 51 168 29 100 95 157 28 24 172 192 153 12 133 43 156 178 104 118 17 67 124 78 159 108 125 46 8 143 190 2 42 85 18 97 94 163 56 169 4 58 9 117 62 63 81 185 61 196 76 111 146 48 135 121 26 152 5 98 112 68 34 122 123 102 65 186 31 126 140 87 120 25 52 116 142 191 96 38 89 138 36 162 114 13 14 127 15 181 82 171 41 177 166 149 90 70 132 179 55 137 93 0 105 144 119 91 176 7 134 77 161 109 158 6 115 3 141 71 113 195 16 165 20 39 79 86 57 110 194 154 84 19 175 136 54 147 150 151 11 22 60 66 173 27 33 40 197 198 10 107 101 131 64 23 35 80 92 199 
2 | 171.808318 | 82 145 109 183 156 54 126 60 32 194 152 45 133 110 182 198 134 166 146 57 153 176 10 197 36 138 121 101 115 142 195 185 20 39 47 31 179 95 9 118 18 51 38 97 139 52 123 140 90 184 81 163 48 144 67 14 164 150 30 192 175 92 127 66 99 77 190 79 87 155 3 193 107 11 16 124 159 42 160 65 43 199 171 131 12 46 24 93 23 75 8 0 135 154 112 102 1 4 59 64 84 85 61 161 41 34 136 50 71 96 69 180 5 119 177 7 2 196 33 70 6 165 103 108 83 173 56 170 167 100 26 73 21 128 130 58 149 98 76 94 129 178 188 189 114 172 181 29 148 19 68 25 91 111 63 120 49 151 168 186 22 143 55 169 17 88 157 62 80 15 122 174 37 35 141 78 117 28 187 106 105 89 86 104 147 13 72 44 40 125 158 74 27 116 162 53 137 191 132 113 
18 | 165.266786 | 196 104 184 27 119 197 21 19 105 92 1 159 179 116 93 170 97 2 136 106 33 10 182 180 81 96 111 66 76 49 68 88 198 64 133 178 176 55 190 139 168 45 107 123 3 146 162 16 193 22 127 12 192 177 143 83 70 158 161 69 169 157 31 137 86 118 74 189 9 132 188 58 141 126 112 60 98 109 173 11 164 85 122 165 28 52 47 185 42 172 186 7 125 171 65 62 46 77 151 79 91 6 39 110 113 130 156 152 149 53 108 145 144 36 84 82 23 80 95 131 114 57 25 20 181 13 26 167 153 63 90 44 87 94 100 34 8 134 155 102 160 30 71 101 32 48 140 120 135 89 18 59 117 75 175 163 35 5 121 166 73 17 67 174 195 138 50 99 194 191 40 154 41 147 14 148 0 129 128 142 51 54 15 199 24 78 72 61 150 124 4 187 183 103 115 43 37 56 29 38 
