DataSet:	circ200
RunTime:	2022-6-5 14:50:39
Method:	RMHC
Params:	P:100 E:25000
DataPath:	./resources/datasets/circ200.txt

################################################################################

1 | 172.876385 | 7 12 193 165 21 173 35 131 70 176 99 78 164 130 49 183 171 25 0 107 85 52 158 179 156 37 139 132 112 43 187 5 82 146 120 155 32 68 138 23 128 55 111 140 133 189 88 95 185 144 101 126 109 65 83 94 197 198 10 196 148 135 145 6 181 11 38 161 97 199 48 74 180 115 47 84 87 19 159 54 50 1 67 141 178 153 129 33 103 16 27 80 45 184 192 195 73 81 160 44 108 58 163 182 9 124 98 114 60 13 188 157 56 51 8 28 71 76 149 20 191 26 117 118 113 3 167 168 110 39 122 92 143 72 59 24 77 91 86 152 22 69 116 174 46 170 100 134 42 175 166 105 57 119 90 190 125 162 121 104 15 172 17 106 127 137 61 40 64 14 53 36 136 63 30 150 75 123 29 154 31 2 62 177 147 142 79 151 102 169 4 18 93 186 89 34 194 41 96 66 
60 | 172.223331 | 17 179 196 72 10 182 165 65 171 190 27 117 62 60 189 106 34 74 1 184 126 110 128 183 2 76 46 109 132 85 66 70 163 45 197 11 139 54 39 176 198 161 90 151 103 172 29 19 57 186 193 192 58 118 86 81 92 97 33 59 41 155 23 88 143 5 177 180 102 93 148 158 160 6 77 133 154 104 42 149 83 75 84 18 21 71 40 51 174 37 4 14 69 170 131 16 168 94 36 87 26 162 188 67 98 99 56 43 159 24 25 115 49 141 181 153 100 89 124 111 120 82 140 112 166 199 50 52 114 31 119 125 129 15 194 53 9 152 48 146 185 101 167 13 135 144 95 123 79 30 78 0 105 96 64 147 164 130 38 28 20 121 91 150 195 61 7 191 116 47 55 44 113 169 178 35 138 145 136 3 175 63 142 157 173 107 137 32 127 22 8 122 156 108 68 73 12 80 134 187 
95 | 171.940205 | 20 22 10 53 182 33 137 152 125 130 85 110 157 8 39 71 158 189 167 44 14 16 36 179 3 142 90 150 37 31 48 60 188 61 99 171 184 63 51 82 164 141 114 26 43 127 168 40 192 154 52 62 162 176 198 117 80 27 187 170 160 6 165 50 93 25 102 65 58 87 175 100 17 129 144 1 140 186 173 194 174 197 185 56 134 148 122 84 143 195 139 131 42 81 121 118 83 59 181 29 78 123 190 35 34 178 145 92 94 5 111 18 72 4 149 95 38 91 70 153 159 177 24 45 126 196 193 183 46 124 88 128 96 151 97 98 86 76 107 155 57 11 147 112 54 119 115 108 169 156 163 180 67 103 101 132 12 0 138 74 73 49 9 77 104 64 23 105 15 47 135 89 133 106 113 69 172 41 120 19 136 75 109 146 166 68 13 28 116 30 66 2 79 199 7 191 32 161 55 21 
160 | 171.166516 | 17 179 196 72 10 182 165 65 171 190 27 67 62 60 189 106 34 74 1 184 126 110 128 183 2 76 46 109 132 85 66 70 163 45 197 11 139 54 39 176 198 161 90 151 103 172 29 19 57 186 193 192 58 118 86 81 92 97 33 59 41 155 23 88 143 5 177 180 102 93 148 158 160 6 77 133 154 104 42 149 83 75 84 18 21 71 40 51 174 37 4 14 69 170 131 16 168 94 36 87 26 162 188 117 98 99 56 43 159 24 25 115 49 141 181 153 100 89 124 111 120 82 140 112 166 199 50 52 114 31 119 125 129 15 194 53 9 152 48 146 185 101 167 13 135 144 95 123 79 30 78 0 105 96 64 147 164 130 38 28 20 121 91 150 195 61 7 191 116 47 55 44 113 169 178 35 138 145 136 3 175 63 142 157 173 107 137 32 127 22 8 122 156 108 68 73 12 80 134 187 
212 | 169.399870 | 164 101 21 66 93 194 118 199 6 186 99 162 157 24 144 119 37 123 28 133 105 89 129 69 26 185 54 126 23 111 85 122 152 160 130 5 114 159 174 108 166 81 141 49 58 190 167 86 175 155 109 116 100 165 147 25 13 169 87 140 170 42 11 72 33 112 188 9 106 146 163 27 79 98 154 47 168 150 64 70 148 177 183 16 76 59 14 172 45 31 191 57 134 97 127 102 187 149 131 80 115 94 184 53 124 88 63 62 151 192 2 71 128 110 197 92 0 3 36 7 182 40 29 55 34 176 179 65 30 68 156 75 91 32 145 73 51 136 153 10 43 138 113 60 1 15 198 44 56 142 96 137 161 180 158 19 4 50 143 135 12 77 67 17 196 18 171 95 74 78 125 120 195 8 103 82 121 46 90 107 38 84 132 189 22 193 39 173 178 35 181 20 117 139 83 48 41 52 104 61 
260 | 167.261984 | 17 179 196 72 10 182 165 65 171 190 27 67 62 60 189 106 34 74 1 184 126 110 128 183 2 76 46 109 132 85 66 70 163 45 197 11 139 54 39 176 198 161 90 151 103 172 29 19 57 186 193 192 58 118 86 81 92 97 33 59 41 155 23 88 143 5 177 180 102 93 148 158 160 6 77 133 154 104 42 149 83 75 84 18 21 71 40 51 174 37 4 14 69 170 131 16 168 94 36 87 26 162 188 117 98 99 56 43 159 24 25 115 49 141 181 153 100 89 124 111 120 82 140 112 166 199 50 52 114 31 119 125 129 15 194 53 9 152 48 146 78 101 167 13 135 144 95 123 79 30 185 0 105 96 64 147 164 130 38 28 20 121 91 150 195 61 7 191 116 47 55 44 113 169 178 35 138 145 136 3 175 63 142 157 173 107 137 32 127 22 8 122 156 108 68 73 12 80 134 187 
312 | 166.631700 | 164 101 21 66 93 194 118 199 6 112 99 162 157 24 144 119 37 123 28 133 105 89 129 69 26 185 54 126 23 111 85 122 152 160 130 5 114 159 174 108 166 81 141 49 58 190 167 86 175 155 109 116 100 165 147 25 13 169 87 140 170 42 11 72 33 186 188 9 106 146 163 27 79 98 154 47 168 150 64 70 148 177 183 16 76 59 14 172 45 31 191 57 134 97 127 102 187 149 131 80 115 94 184 53 124 88 63 62 151 192 2 71 128 110 197 92 0 3 36 7 182 40 29 55 34 176 179 65 30 68 156 75 91 32 145 73 51 136 153 10 43 138 113 60 1 15 198 44 56 142 96 137 161 180 158 19 4 50 143 135 12 77 67 17 196 18 171 95 74 78 125 120 195 8 103 82 121 46 90 107 38 84 132 189 22 193 39 173 178 35 181 20 117 139 83 48 41 52 104 61 
460 | 164.096229 | 17 179 196 72 10 182 165 65 171 190 27 67 62 60 189 106 34 74 1 184 126 110 128 183 2 76 46 109 132 85 66 70 163 45 197 11 139 54 39 176 198 161 90 151 103 172 29 19 57 186 193 192 58 118 86 81 92 97 33 59 41 155 23 88 143 5 177 180 102 93 148 158 160 6 77 133 154 140 42 149 83 75 84 18 21 71 40 51 174 37 4 14 69 170 131 16 168 94 36 87 26 162 188 117 98 99 56 43 159 24 25 115 49 141 181 153 100 89 124 111 120 82 104 112 166 199 50 52 114 31 119 125 129 15 194 53 9 152 48 146 78 101 167 13 135 144 95 123 79 30 185 0 105 96 64 147 164 130 38 28 20 121 91 150 195 61 7 191 116 47 55 44 113 169 178 35 138 145 136 3 175 63 142 157 173 107 137 32 127 22 8 122 156 108 68 73 12 80 134 187 
660 | 163.655941 | 17 179 196 72 10 182 165 65 171 190 27 67 62 60 189 106 34 74 1 184 126 110 128 183 2 76 46 109 132 85 66 70 163 45 197 11 139 54 39 176 198 161 90 151 103 172 29 19 57 186 193 192 58 118 86 81 92 97 33 59 153 155 23 88 143 5 177 180 102 93 148 158 160 6 77 133 154 140 42 149 83 75 84 18 21 71 40 51 174 37 4 14 69 170 131 16 168 94 36 87 26 162 188 117 98 99 56 43 159 24 25 115 49 141 181 41 100 89 124 111 120 82 104 112 166 199 50 52 114 31 119 125 129 15 194 53 9 152 48 146 78 101 167 13 135 144 95 123 79 30 185 0 105 96 64 147 164 130 38 28 20 121 91 150 195 61 7 191 116 47 55 44 113 169 178 35 138 145 136 3 175 63 142 157 173 107 137 32 127 22 8 122 156 108 68 73 12 80 134 187 
760 | 162.169162 | 17 179 196 72 10 182 165 65 171 190 27 67 62 60 189 106 34 74 1 184 126 110 128 183 2 76 46 109 132 85 66 70 163 45 197 11 139 54 39 176 198 161 90 151 103 172 29 19 57 186 193 192 58 118 86 81 92 97 33 59 153 155 23 88 143 5 177 180 102 93 148 158 160 6 77 133 154 140 42 149 83 75 84 18 21 71 40 51 174 37 4 14 69 170 131 16 168 94 36 87 26 162 188 117 98 99 56 43 159 24 25 115 49 141 181 41 100 89 124 111 120 82 104 112 166 199 50 52 114 31 119 125 129 15 194 53 9 152 48 146 78 101 167 13 135 144 95 123 79 30 185 0 105 96 64 147 164 130 38 28 20 121 91 150 195 35 7 191 116 47 55 44 113 169 178 61 138 145 136 3 175 63 142 157 173 107 137 32 127 22 8 122 156 108 68 73 12 80 134 187 
1060 | 162.150770 | 17 179 196 72 10 161 165 65 171 190 27 67 62 60 189 106 34 74 1 184 126 110 128 183 2 76 46 109 132 85 66 70 163 45 197 11 139 54 39 176 198 182 90 151 103 172 29 19 57 186 193 192 58 118 86 81 92 97 33 59 153 155 23 88 143 5 177 180 102 93 148 158 160 6 77 133 154 140 42 149 83 75 84 18 21 71 40 51 174 37 4 14 69 170 131 16 168 94 36 87 26 162 188 117 98 99 56 43 159 24 25 115 49 141 181 41 100 89 124 111 120 82 104 112 166 199 50 52 114 31 119 125 129 15 194 53 9 152 48 146 78 101 167 13 135 144 95 123 79 30 185 0 105 96 64 147 164 130 38 28 20 121 91 150 195 35 7 191 116 47 55 44 113 169 178 61 138 145 136 3 175 63 142 157 173 107 137 32 127 22 8 122 156 108 68 73 12 80 134 187 
1160 | 159.772546 | 17 179 196 72 10 161 165 65 171 190 27 67 62 60 189 106 34 74 1 184 126 110 128 183 2 76 91 109 132 85 66 70 163 45 197 11 139 54 39 176 198 182 90 151 103 172 29 19 57 186 193 192 58 118 86 81 92 97 33 59 153 155 23 88 143 5 177 180 102 93 148 158 160 6 77 133 154 140 42 149 83 75 84 18 21 71 40 51 174 37 4 14 69 170 131 16 168 94 36 87 26 162 188 117 98 99 56 43 159 24 25 115 49 141 181 41 100 89 124 111 120 82 104 112 166 199 50 52 114 31 119 125 129 15 194 53 9 152 48 146 78 101 167 13 135 144 95 123 79 30 185 0 105 96 64 147 164 130 38 28 20 121 46 150 195 35 7 191 116 47 55 44 113 169 178 61 138 145 136 3 175 63 142 157 173 107 137 32 127 22 8 122 156 108 68 73 12 80 134 187 
1360 | 159.694280 | 17 179 196 72 10 161 165 65 171 190 27 67 62 60 189 106 34 74 1 184 126 110 128 183 2 76 91 109 132 85 66 70 163 45 197 11 139 54 24 176 198 182 90 151 103 172 29 19 57 186 193 192 58 118 86 81 92 97 33 59 153 155 23 88 143 5 177 180 102 93 148 158 160 6 77 133 154 140 42 149 83 75 84 18 21 71 40 51 174 37 4 14 69 170 131 16 168 94 36 87 26 162 188 117 98 99 56 43 159 39 25 115 49 141 181 41 100 89 124 111 120 82 104 112 166 199 50 52 114 31 119 125 129 15 194 53 9 152 48 146 78 101 167 13 135 144 95 123 79 30 185 0 105 96 64 147 164 130 38 28 20 121 46 150 195 35 7 191 116 47 55 44 113 169 178 61 138 145 136 3 175 63 142 157 173 107 137 32 127 22 8 122 156 108 68 73 12 80 134 187 
1660 | 159.515004 | 17 179 196 72 10 161 165 65 171 190 27 67 62 60 189 106 34 74 186 184 126 110 128 183 2 76 91 109 132 85 66 70 163 45 197 11 139 54 24 176 198 182 90 151 103 172 29 19 57 1 193 192 58 118 86 81 92 97 33 59 153 155 23 88 143 5 177 180 102 93 148 158 160 6 77 133 154 140 42 149 83 75 84 18 21 71 40 51 174 37 4 14 69 170 131 16 168 94 36 87 26 162 188 117 98 99 56 43 159 39 25 115 49 141 181 41 100 89 124 111 120 82 104 112 166 199 50 52 114 31 119 125 129 15 194 53 9 152 48 146 78 101 167 13 135 144 95 123 79 30 185 0 105 96 64 147 164 130 38 28 20 121 46 150 195 35 7 191 116 47 55 44 113 169 178 61 138 145 136 3 175 63 142 157 173 107 137 32 127 22 8 122 156 108 68 73 12 80 134 187 
1760 | 159.006003 | 17 179 196 72 10 161 165 65 171 190 35 67 62 60 189 106 34 74 186 184 126 110 128 183 2 76 91 109 132 85 66 70 163 45 197 11 139 54 24 176 198 182 90 151 103 172 29 19 57 1 193 192 58 118 86 81 92 97 33 59 153 155 23 88 143 5 177 180 102 93 148 158 160 6 77 133 154 140 42 149 83 75 84 18 21 71 40 51 174 37 4 14 69 170 131 16 168 94 36 87 26 162 188 117 98 99 56 43 159 39 25 115 49 141 181 41 100 89 124 111 120 82 104 112 166 199 50 52 114 31 119 125 129 15 194 53 9 152 48 146 78 101 167 13 135 144 95 123 79 30 185 0 105 96 64 147 164 130 38 28 20 121 46 150 195 27 7 191 116 47 55 44 113 169 178 61 138 145 136 3 175 63 142 157 173 107 137 32 127 22 8 122 156 108 68 73 12 80 134 187 
2160 | 158.891335 | 17 179 196 72 10 161 9 65 171 190 35 67 62 60 189 106 34 74 186 184 126 110 128 183 2 76 91 109 132 85 66 70 163 45 197 11 139 54 24 176 198 182 90 151 103 172 29 19 57 1 193 192 58 118 86 81 92 97 33 59 153 155 23 88 143 5 177 180 102 93 148 158 160 6 77 133 154 140 42 149 83 75 84 18 21 71 40 51 174 37 4 14 69 170 131 16 168 94 36 87 26 162 188 117 98 99 56 43 159 39 25 115 49 141 181 41 100 89 124 111 120 82 104 112 166 199 50 52 114 31 119 125 129 15 194 53 165 152 48 146 78 101 167 13 135 144 95 123 79 30 185 0 105 96 64 147 164 130 38 28 20 121 46 150 195 27 7 191 116 47 55 44 113 169 178 61 138 145 136 3 175 63 142 157 173 107 137 32 127 22 8 122 156 108 68 73 12 80 134 187 
2260 | 157.940546 | 17 179 196 72 10 161 9 65 171 190 35 67 62 60 189 106 34 74 186 184 126 110 128 183 2 76 91 109 132 85 66 70 163 45 197 11 139 54 24 176 198 182 90 151 103 172 29 19 57 1 193 192 58 118 86 81 92 97 33 59 153 155 23 88 143 5 177 180 102 93 148 158 160 6 77 133 154 140 42 149 83 75 84 18 21 71 40 51 174 37 4 14 69 170 131 16 168 134 36 87 26 162 188 117 98 99 56 43 159 39 25 115 49 141 181 41 100 89 124 111 120 82 104 112 166 199 50 52 114 31 119 125 129 15 194 53 165 152 48 146 78 101 167 13 135 144 95 123 79 30 185 0 105 96 64 147 164 130 38 28 20 121 46 150 195 27 7 191 116 47 55 44 113 169 178 61 138 145 136 3 175 63 142 157 173 107 137 32 127 22 8 122 156 108 68 73 12 80 94 187 
2360 | 156.345447 | 17 179 196 72 10 161 9 65 171 190 35 67 62 60 189 106 34 74 186 184 126 110 128 183 2 76 91 109 132 85 66 70 163 45 197 11 139 54 24 176 198 182 90 151 103 172 29 19 57 1 193 192 58 118 86 81 92 97 33 164 153 155 23 88 143 5 177 180 102 93 148 158 160 6 77 133 154 140 42 149 83 75 84 18 21 71 40 51 174 37 4 14 69 170 131 16 168 134 36 87 26 162 188 117 98 99 56 43 159 39 25 115 49 141 181 41 100 89 124 111 120 82 104 112 166 199 50 52 114 31 119 125 129 15 194 53 165 152 48 146 78 101 167 13 135 144 95 123 79 30 185 0 105 96 64 147 59 130 38 28 20 121 46 150 195 27 7 191 116 47 55 44 113 169 178 61 138 145 136 3 175 63 142 157 173 107 137 32 127 22 8 122 156 108 68 73 12 80 94 187 
2560 | 156.308191 | 17 179 196 72 10 161 9 65 171 190 35 67 62 60 189 106 34 74 186 184 126 110 128 183 2 76 91 109 132 85 66 70 163 45 197 11 139 54 24 176 198 182 90 151 103 172 29 19 57 1 193 192 58 118 86 81 92 97 33 164 153 155 23 88 143 5 177 180 102 93 148 158 160 6 77 133 154 140 42 149 83 75 84 18 21 71 40 51 174 37 4 14 69 170 131 16 168 134 36 87 26 162 188 117 98 99 56 43 159 39 25 115 49 141 181 41 100 89 124 111 120 82 104 112 166 199 50 52 114 31 46 125 129 15 194 53 165 152 48 146 78 101 167 13 135 144 95 123 79 30 185 0 105 96 64 147 59 130 38 28 20 121 119 150 195 27 7 191 116 47 55 44 113 169 178 61 138 145 136 3 175 63 142 157 173 107 137 32 127 22 8 122 156 108 68 73 12 80 94 187 
3654 | 156.116073 | 112 171 30 120 77 73 26 178 20 154 11 197 42 141 121 86 15 182 18 87 195 8 100 34 152 151 153 199 179 13 16 22 106 183 159 9 49 36 108 168 7 176 40 133 2 78 157 51 54 140 67 5 29 191 28 194 4 96 89 139 166 181 14 167 23 33 190 111 186 59 173 165 177 31 52 45 109 97 104 175 102 39 66 148 137 63 17 19 172 98 82 21 114 10 185 135 126 81 164 142 117 118 107 101 64 123 55 83 113 95 187 35 128 155 149 70 180 12 0 27 188 129 69 62 72 38 147 46 131 44 115 116 105 88 79 93 169 196 60 143 6 65 48 138 127 32 198 56 71 41 43 91 3 192 99 58 124 74 160 162 163 146 156 170 136 76 94 85 161 61 110 184 132 145 50 119 25 103 68 158 75 193 144 134 150 47 174 53 24 92 80 130 37 125 122 1 189 90 57 84 
3660 | 155.801528 | 17 179 196 72 10 161 9 65 171 190 35 67 62 60 189 106 34 74 186 184 126 110 128 183 2 76 91 109 132 85 66 70 163 45 197 11 139 54 24 176 198 182 90 151 103 172 29 19 57 1 193 192 58 118 86 81 92 97 33 164 153 155 23 88 143 5 177 180 102 93 148 158 160 6 77 133 154 173 42 149 83 75 84 18 21 71 40 51 174 37 4 14 69 170 131 16 168 134 36 87 26 162 188 117 98 99 56 43 159 39 25 115 49 141 181 41 100 89 124 111 120 82 104 112 166 199 50 52 114 31 46 125 129 15 194 53 165 152 48 146 78 101 167 13 135 144 95 123 79 30 185 0 105 96 64 147 59 130 38 28 20 121 119 150 195 27 7 191 116 47 55 44 113 169 178 61 138 145 136 3 175 63 142 157 140 107 137 32 127 22 8 122 156 108 68 73 12 80 94 187 
3705 | 155.035451 | 187 193 30 122 48 131 137 21 5 144 150 161 146 89 97 147 25 20 105 73 154 197 140 107 99 86 158 178 24 60 65 167 103 47 114 190 188 34 135 171 76 160 52 149 45 79 124 7 182 163 9 56 61 116 119 62 71 77 75 133 36 170 43 88 1 176 108 181 14 177 0 101 51 141 80 183 152 142 26 121 72 38 27 95 113 19 195 16 98 100 83 112 126 164 39 123 91 90 33 54 64 115 46 42 74 4 180 66 78 130 57 32 2 3 44 165 184 186 13 8 156 153 67 127 81 69 194 23 175 31 92 96 111 189 179 59 118 125 151 185 29 162 166 143 191 50 106 102 148 128 82 198 12 68 40 139 87 11 84 199 117 196 28 157 169 63 18 58 53 168 37 10 41 49 93 94 138 6 155 70 132 109 145 22 159 35 120 110 173 172 136 17 104 134 85 129 55 174 192 15 
3754 | 154.711208 | 112 171 30 120 77 73 26 178 20 154 11 197 42 141 121 86 15 182 18 87 195 8 100 34 152 151 153 199 179 13 16 22 106 183 159 9 49 36 108 168 7 176 40 133 2 78 157 51 54 140 67 5 29 191 28 194 4 96 89 139 166 181 14 167 23 33 190 111 186 59 173 165 177 31 52 45 109 97 104 175 102 39 66 148 137 63 17 19 172 98 82 21 114 10 185 135 126 81 164 142 117 118 107 101 64 123 55 83 113 95 187 35 128 155 149 70 180 12 0 27 188 129 69 62 72 38 147 46 131 44 115 116 105 88 79 93 169 196 60 143 6 65 48 138 127 32 198 56 71 41 43 91 3 192 99 58 124 184 160 162 163 146 156 170 136 76 94 85 161 61 110 74 132 145 50 119 25 103 68 158 75 193 144 134 150 47 174 53 24 92 80 130 37 125 122 1 189 90 57 84 
3854 | 154.333954 | 112 171 30 120 77 73 26 178 20 154 11 197 42 141 121 86 15 182 18 87 195 8 100 34 152 151 153 199 179 13 16 22 106 183 159 9 49 36 108 168 7 176 40 133 2 78 157 51 54 140 67 5 29 180 28 194 4 96 89 139 166 181 14 167 23 33 190 111 186 59 173 165 177 31 52 45 109 97 104 175 102 39 66 148 137 63 17 19 172 98 82 21 114 10 185 135 126 81 164 142 117 118 107 101 64 123 55 83 113 95 187 35 128 155 149 70 191 12 0 27 188 129 69 62 72 38 147 46 131 44 115 116 105 88 79 93 169 196 60 143 6 65 48 138 127 32 198 56 71 41 43 91 3 192 99 58 124 184 160 162 163 146 156 170 136 76 94 85 161 61 110 74 132 145 50 119 25 103 68 158 75 193 144 134 150 47 174 53 24 92 80 130 37 125 122 1 189 90 57 84 
3905 | 152.887455 | 187 193 30 122 48 131 137 21 5 144 150 161 146 89 97 147 25 20 105 73 154 197 140 107 99 86 158 178 24 60 65 167 103 47 114 190 188 34 135 171 76 160 52 149 45 79 124 7 182 163 9 56 61 116 119 62 71 77 75 133 36 170 108 88 1 176 43 181 14 177 0 101 51 141 80 183 152 142 26 121 72 38 27 95 113 19 195 16 98 100 83 112 126 164 39 123 91 90 33 54 64 115 46 42 74 4 180 66 78 130 57 32 2 3 44 165 184 186 13 8 156 153 67 127 81 69 194 23 175 31 92 96 111 189 179 59 118 125 151 185 29 162 166 143 191 50 106 102 148 128 82 198 12 68 40 139 87 11 84 199 117 196 28 157 169 63 18 58 53 168 37 10 41 49 93 94 138 6 155 70 132 109 145 22 159 35 120 110 173 172 136 17 104 134 85 129 55 174 192 15 
4305 | 151.548102 | 187 193 30 122 48 131 137 21 5 144 150 161 146 89 97 147 25 20 105 73 154 197 140 107 99 86 158 178 24 60 65 167 103 47 114 190 188 34 135 171 76 160 52 149 45 79 124 7 182 163 9 56 61 116 119 62 71 77 75 133 36 170 108 88 1 176 43 181 14 177 0 101 51 141 80 183 152 142 26 121 72 38 27 95 113 19 195 16 98 100 83 112 126 164 39 123 91 90 33 54 64 115 46 42 74 4 180 66 78 130 57 32 2 3 44 165 184 186 13 8 156 153 67 127 81 69 194 23 175 31 92 96 111 189 179 59 118 125 151 185 29 162 166 143 191 50 106 102 148 128 82 198 12 68 40 139 87 11 84 199 117 104 28 157 169 63 18 58 53 168 37 10 41 49 93 94 138 6 155 70 132 109 145 22 159 35 120 110 173 172 136 17 196 134 85 129 55 174 192 15 
4405 | 149.100266 | 187 193 30 122 48 131 137 21 5 144 150 161 146 89 97 147 25 20 105 73 154 197 140 107 99 86 158 178 24 60 65 167 170 47 114 190 188 34 135 171 76 160 52 149 45 79 124 7 182 163 9 56 61 116 119 62 71 77 75 133 36 103 108 88 1 176 43 181 14 177 0 101 51 141 80 183 152 142 26 121 72 38 27 95 113 19 195 16 98 100 83 112 126 164 39 123 91 90 33 54 64 115 46 42 74 4 180 66 78 130 57 32 2 3 44 165 184 186 13 8 156 153 67 127 81 69 194 23 175 31 92 96 111 189 179 59 118 125 151 185 29 162 166 143 191 50 106 102 148 128 82 198 12 68 40 139 87 11 84 199 117 104 28 157 169 63 18 58 53 168 37 10 41 49 93 94 138 6 155 70 132 109 145 22 159 35 120 110 173 172 136 17 196 134 85 129 55 174 192 15 
5149 | 146.160691 | 167 163 185 134 58 127 99 96 170 65 52 190 22 116 75 33 44 110 10 23 136 158 47 117 111 105 104 135 125 24 55 35 85 86 26 70 120 11 126 142 109 6 199 25 166 121 123 62 63 1 31 164 171 45 42 122 76 112 98 69 178 87 91 132 83 0 174 30 143 150 2 72 165 37 141 161 59 20 64 106 80 61 131 138 41 176 182 168 148 100 140 147 81 78 46 128 113 7 152 156 21 68 119 153 133 155 14 103 97 115 144 129 184 84 151 66 38 71 183 198 193 194 188 160 57 139 102 77 145 130 175 54 53 36 12 19 74 124 73 5 180 162 56 40 9 34 192 95 60 137 88 18 195 191 93 92 172 154 187 15 4 196 8 48 28 43 39 82 146 27 186 189 3 169 173 179 177 17 89 159 16 197 94 101 149 157 32 29 13 108 50 49 181 90 114 118 107 67 79 51 
5249 | 146.012167 | 167 163 185 134 58 127 99 96 170 65 52 190 22 116 75 33 44 110 10 23 136 158 47 117 111 105 104 135 125 24 55 35 85 86 26 70 120 11 126 142 109 6 199 25 166 121 123 62 63 189 31 164 171 45 42 122 76 112 98 69 178 87 91 132 83 0 174 30 143 150 2 72 165 37 141 161 59 20 64 106 80 61 131 138 41 176 182 168 148 100 140 147 81 78 46 128 113 7 152 156 21 68 119 153 133 155 14 103 97 115 144 129 184 84 151 66 38 71 183 198 193 194 188 160 57 139 102 77 145 130 175 54 53 36 12 19 74 124 73 5 180 162 56 40 9 34 192 95 60 137 88 18 195 191 93 92 172 154 187 15 4 196 8 48 28 43 39 82 146 27 186 1 3 169 173 179 177 17 89 159 16 197 94 101 149 157 32 29 13 108 50 49 181 90 114 118 107 67 79 51 
5449 | 145.720880 | 167 163 185 134 58 127 99 96 170 65 52 190 22 116 75 33 44 110 10 23 136 158 47 117 111 105 104 135 125 24 55 35 85 86 26 70 120 11 126 142 109 6 199 25 166 121 123 62 63 189 31 164 171 45 42 122 76 112 98 69 178 87 91 132 83 0 174 30 143 150 2 72 165 37 141 161 59 20 64 106 80 61 131 138 41 176 182 168 148 100 140 147 81 78 46 128 113 7 152 156 21 68 119 153 133 155 14 103 97 115 144 129 184 84 151 66 38 71 183 198 193 194 188 160 57 139 102 77 145 130 175 54 53 36 12 19 74 124 73 5 180 162 56 40 9 34 192 95 60 137 88 18 195 191 93 92 172 154 187 15 4 196 8 48 28 43 39 82 146 27 186 1 3 169 173 179 181 17 89 159 16 197 94 101 149 157 32 29 13 108 50 49 177 90 114 118 107 67 79 51 
5549 | 143.643572 | 167 163 185 38 58 127 99 96 170 65 52 190 22 116 75 33 44 110 10 23 136 158 47 117 111 105 104 135 125 24 55 35 85 86 26 70 120 11 126 142 109 6 199 25 166 121 123 62 63 189 31 164 171 45 42 122 76 112 98 69 178 87 91 132 83 0 174 30 143 150 2 72 165 37 141 161 59 20 64 106 80 61 131 138 41 176 182 168 148 100 140 147 81 78 46 128 113 7 152 156 21 68 119 153 133 155 14 103 97 115 144 129 184 84 151 66 134 71 183 198 193 194 188 160 57 139 102 77 145 130 175 54 53 36 12 19 74 124 73 5 180 162 56 40 9 34 192 95 60 137 88 18 195 191 93 92 172 154 187 15 4 196 8 48 28 43 39 82 146 27 186 1 3 169 173 179 181 17 89 159 16 197 94 101 149 157 32 29 13 108 50 49 177 90 114 118 107 67 79 51 
5649 | 139.993691 | 167 163 185 38 58 127 99 96 170 65 52 190 22 116 75 33 44 110 10 23 136 158 47 117 111 105 104 135 125 24 55 35 85 86 95 70 120 11 126 142 109 6 199 25 166 121 123 62 63 189 31 164 171 45 42 122 76 112 98 69 178 87 91 132 83 0 174 30 143 150 2 72 165 37 141 161 59 20 64 106 80 61 131 138 41 176 182 168 148 100 140 147 81 78 46 128 113 7 152 156 21 68 119 153 133 155 14 103 97 115 144 129 184 84 151 66 134 71 183 198 193 194 188 160 57 139 102 77 145 130 175 54 53 36 12 19 74 124 73 5 180 162 56 40 9 34 192 26 60 137 88 18 195 191 93 92 172 154 187 15 4 196 8 48 28 43 39 82 146 27 186 1 3 169 173 179 181 17 89 159 16 197 94 101 149 157 32 29 13 108 50 49 177 90 114 118 107 67 79 51 
5949 | 139.538491 | 167 163 185 38 58 127 99 96 170 65 52 190 22 116 75 33 44 110 10 23 136 158 47 117 111 105 104 135 125 24 55 35 85 86 95 70 120 11 126 142 109 6 199 14 166 121 123 62 63 189 31 164 171 45 42 122 76 112 98 69 178 87 91 132 83 0 174 30 143 150 2 72 165 37 141 161 59 20 64 106 80 61 131 138 41 176 182 168 148 100 140 147 81 78 46 128 113 7 152 156 21 68 119 153 133 155 25 103 97 115 144 129 184 84 151 66 134 71 183 198 193 194 188 160 57 139 102 77 145 130 175 54 53 36 12 19 74 124 73 5 180 162 56 40 9 34 192 26 60 137 88 18 195 191 93 92 172 154 187 15 4 196 8 48 28 43 39 82 146 27 186 1 3 169 173 179 181 17 89 159 16 197 94 101 149 157 32 29 13 108 50 49 177 90 114 118 107 67 79 51 
6149 | 139.432466 | 167 163 185 38 58 127 99 96 170 65 52 190 22 116 75 33 44 110 10 88 136 158 47 117 111 105 104 135 125 24 55 35 85 86 95 70 120 11 126 142 109 6 199 14 166 121 123 62 63 189 31 164 171 45 42 122 76 112 98 69 178 87 91 132 83 0 174 30 143 150 2 72 165 37 141 161 59 20 64 106 80 61 131 138 41 176 182 168 148 100 140 147 81 78 46 128 113 7 152 156 21 68 119 153 133 155 25 103 97 115 144 129 184 84 151 66 134 71 183 198 193 194 188 160 57 139 102 77 145 130 175 54 53 36 12 19 74 124 73 5 180 162 56 40 9 34 192 26 60 137 23 18 195 191 93 92 172 154 187 15 4 196 8 48 28 43 39 82 146 27 186 1 3 169 173 179 181 17 89 159 16 197 94 101 149 157 32 29 13 108 50 49 177 90 114 118 107 67 79 51 
6549 | 138.137293 | 167 163 185 38 58 127 99 96 170 65 52 190 22 116 75 33 44 110 10 88 136 158 47 117 111 105 104 135 125 24 55 35 85 86 95 70 120 11 126 142 109 6 199 14 166 121 123 62 63 189 31 164 171 45 42 122 76 112 98 69 152 87 91 132 83 0 174 30 143 150 2 72 165 37 141 161 59 20 64 106 80 61 131 138 41 176 182 168 148 100 140 147 81 78 46 128 113 7 178 156 21 68 119 153 133 155 25 103 97 115 144 129 184 84 151 66 134 71 183 198 193 194 188 160 57 139 102 77 145 130 175 54 53 36 12 19 74 124 73 5 180 162 56 40 9 34 192 26 60 137 23 18 195 191 93 92 172 154 187 15 4 196 8 48 28 43 39 82 146 27 186 1 3 169 173 179 181 17 89 159 16 197 94 101 149 157 32 29 13 108 50 49 177 90 114 118 107 67 79 51 
7049 | 136.407536 | 167 163 185 38 58 127 99 96 170 65 52 190 22 116 75 33 44 110 10 88 136 158 47 117 111 105 104 135 125 83 55 35 85 86 95 70 120 11 126 142 109 6 199 14 166 121 123 62 63 189 31 164 171 45 42 122 76 112 98 69 152 87 91 132 24 0 174 30 143 150 2 72 165 37 141 161 59 20 64 106 80 61 131 138 41 176 182 168 148 100 140 147 81 78 46 128 113 7 178 156 21 68 119 153 133 155 25 103 97 115 144 129 184 84 151 66 134 71 183 198 193 194 188 160 57 139 102 77 145 130 175 54 53 36 12 19 74 124 73 5 180 162 56 40 9 34 192 26 60 137 23 18 195 191 93 92 172 154 187 15 4 196 8 48 28 43 39 82 146 27 186 1 3 169 173 179 181 17 89 159 16 197 94 101 149 157 32 29 13 108 50 49 177 90 114 118 107 67 79 51 
7249 | 136.347663 | 167 163 185 38 58 127 99 96 170 65 52 190 22 116 75 33 44 110 10 88 136 158 47 117 111 105 104 135 125 83 55 35 85 86 95 70 120 11 126 142 109 6 199 14 166 121 123 62 63 189 31 164 171 45 42 122 76 112 98 69 152 87 91 132 24 0 174 30 143 150 2 72 165 37 141 161 59 20 64 106 80 61 131 138 41 176 182 108 148 100 140 147 81 78 46 128 113 7 178 156 21 68 119 153 133 155 25 103 97 115 144 129 184 84 151 66 134 71 183 198 193 194 188 160 57 139 102 77 145 130 175 54 53 36 12 19 74 124 73 5 180 162 56 40 9 34 192 26 60 137 23 18 195 191 93 92 172 154 187 15 4 196 8 48 28 43 39 82 146 27 186 1 3 169 173 179 181 17 89 159 16 197 94 101 149 157 32 29 13 168 50 49 177 90 114 118 107 67 79 51 
7649 | 136.209636 | 167 163 185 38 58 127 99 96 170 65 52 190 22 116 75 33 44 110 10 88 136 158 47 117 111 105 118 135 125 83 55 35 85 86 95 70 120 11 126 142 109 6 199 14 166 121 123 62 63 189 31 164 171 45 42 122 76 112 98 69 152 87 91 132 24 0 174 30 143 150 2 72 165 37 141 161 59 20 64 106 80 61 131 138 41 176 182 108 148 100 140 147 81 78 46 128 113 7 178 156 21 68 119 153 133 155 25 103 97 115 144 129 184 84 151 66 134 71 183 198 193 194 188 160 57 139 102 77 145 130 175 54 53 36 12 19 74 124 73 5 180 162 56 40 9 34 192 26 60 137 23 18 195 191 93 92 172 154 187 15 4 196 8 48 28 43 39 82 146 27 186 1 3 169 173 179 181 17 89 159 16 197 94 101 149 157 32 29 13 168 50 49 177 90 114 104 107 67 79 51 
8049 | 136.202589 | 167 163 185 38 58 127 99 96 170 65 52 190 22 116 75 33 44 110 10 88 136 158 47 117 111 105 118 135 125 83 55 35 85 86 95 70 120 11 126 142 109 6 199 14 166 121 123 62 63 189 31 164 171 45 42 122 76 112 98 69 152 87 91 132 24 0 174 30 143 150 2 72 165 37 141 161 59 20 64 106 80 61 131 138 41 176 182 108 153 100 140 147 81 78 46 128 113 7 178 156 21 68 119 148 133 155 25 103 97 115 144 129 184 84 151 66 134 71 183 198 193 194 188 160 57 139 102 77 145 130 175 54 53 36 12 19 74 124 73 5 180 162 56 40 9 34 192 26 60 137 23 18 195 191 93 92 172 154 187 15 4 196 8 48 28 43 39 82 146 27 186 1 3 169 173 179 181 17 89 159 16 197 94 101 149 157 32 29 13 168 50 49 177 90 114 104 107 67 79 51 
8249 | 136.153295 | 167 163 185 176 58 127 99 96 170 65 52 190 22 116 75 33 44 110 10 88 136 158 47 117 111 105 118 135 125 83 55 35 85 86 95 70 120 11 126 142 109 6 199 14 166 121 123 62 63 189 31 164 171 45 42 122 76 112 98 69 152 87 91 132 24 0 174 30 143 150 2 72 165 37 141 161 59 20 64 106 80 61 131 138 41 38 182 108 153 100 140 147 81 78 46 128 113 7 178 156 21 68 119 148 133 155 25 103 97 115 144 129 184 84 151 66 134 71 183 198 193 194 188 160 57 139 102 77 145 130 175 54 53 36 12 19 74 124 73 5 180 162 56 40 9 34 192 26 60 137 23 18 195 191 93 92 172 154 187 15 4 196 8 48 28 43 39 82 146 27 186 1 3 169 173 179 181 17 89 159 16 197 94 101 149 157 32 29 13 168 50 49 177 90 114 104 107 67 79 51 
8349 | 136.140353 | 167 163 185 176 58 127 99 96 170 65 52 190 22 116 75 33 44 110 10 88 136 158 47 117 111 105 118 135 125 83 55 35 85 86 95 70 120 11 126 142 109 6 199 14 166 121 123 62 63 189 31 164 171 45 42 122 76 112 98 69 152 87 91 132 74 0 174 30 143 150 2 72 165 37 141 161 59 20 64 106 80 61 131 138 41 38 182 108 153 100 140 147 81 78 46 128 113 7 178 156 21 68 119 148 133 155 25 103 97 115 144 129 184 84 151 66 134 71 183 198 193 194 188 160 57 139 102 77 145 130 175 54 53 36 12 19 24 124 73 5 180 162 56 40 9 34 192 26 60 137 23 18 195 191 93 92 172 154 187 15 4 196 8 48 28 43 39 82 146 27 186 1 3 169 173 179 181 17 89 159 16 197 94 101 149 157 32 29 13 168 50 49 177 90 114 104 107 67 79 51 
8649 | 135.526318 | 167 163 185 176 58 127 99 96 170 65 52 190 22 116 75 33 44 110 10 88 136 158 47 117 111 105 118 135 125 83 55 35 85 86 95 70 120 11 126 142 109 113 199 14 166 121 123 62 63 189 31 164 171 45 42 122 76 112 98 69 152 87 91 132 74 0 174 30 143 150 2 72 165 37 141 161 59 20 64 106 80 61 131 138 41 38 182 108 153 100 140 147 81 78 46 128 6 7 178 156 21 68 119 148 133 155 25 103 97 115 144 129 184 84 151 66 134 71 183 198 193 194 188 160 57 139 102 77 145 130 175 54 53 36 12 19 24 124 73 5 180 162 56 40 9 34 192 26 60 137 23 18 195 191 93 92 172 154 187 15 4 196 8 48 28 43 39 82 146 27 186 1 3 169 173 179 181 17 89 159 16 197 94 101 149 157 32 29 13 168 50 49 177 90 114 104 107 67 79 51 
8849 | 134.966006 | 167 163 185 176 58 127 99 96 170 65 52 190 22 116 75 33 44 110 10 88 136 158 47 117 111 105 118 135 67 83 55 35 85 86 95 70 120 11 126 142 109 113 199 14 166 121 123 62 63 189 31 164 171 45 42 122 76 112 98 69 152 87 91 132 74 0 174 30 143 150 2 72 165 37 141 161 59 20 64 106 80 61 131 138 41 38 182 108 153 100 140 147 81 78 46 128 6 7 178 156 21 68 119 148 133 155 25 103 97 115 144 129 184 84 151 66 134 71 183 198 193 194 188 160 57 139 102 77 145 130 175 54 53 36 12 19 24 124 73 5 180 162 56 40 9 34 192 26 60 137 23 18 195 191 93 92 172 154 187 15 4 196 8 48 28 43 39 82 146 27 186 1 3 169 173 179 181 17 89 159 16 197 94 101 149 157 32 29 13 168 50 49 177 90 114 104 107 125 79 51 
8949 | 133.962467 | 167 163 185 176 58 127 99 96 170 65 52 190 22 116 75 33 44 110 10 88 136 158 47 117 111 105 118 135 67 83 55 35 85 86 95 70 120 166 126 142 109 113 199 14 11 121 123 62 63 189 31 164 171 45 42 122 76 112 98 69 152 87 91 132 74 0 174 30 143 150 2 72 165 37 141 161 59 20 64 106 80 61 131 138 41 38 182 108 153 100 140 147 81 78 46 128 6 7 178 156 21 68 119 148 133 155 25 103 97 115 144 129 184 84 151 66 134 71 183 198 193 194 188 160 57 139 102 77 145 130 175 54 53 36 12 19 24 124 73 5 180 162 56 40 9 34 192 26 60 137 23 18 195 191 93 92 172 154 187 15 4 196 8 48 28 43 39 82 146 27 186 1 3 169 173 179 181 17 89 159 16 197 94 101 149 157 32 29 13 168 50 49 177 90 114 104 107 125 79 51 
9049 | 133.697079 | 167 163 185 159 58 127 99 96 170 65 52 190 22 116 75 33 44 110 10 88 136 158 47 117 111 105 118 135 67 83 55 35 85 86 95 70 120 166 126 142 109 113 199 14 11 121 123 62 63 189 31 164 171 45 42 122 76 112 98 69 152 87 91 132 74 0 174 30 143 150 2 72 165 37 141 161 59 20 64 106 80 61 131 138 41 38 182 108 153 100 140 147 81 78 46 128 6 7 178 156 21 68 119 148 133 155 25 103 97 115 144 129 184 84 151 66 134 71 183 198 193 194 188 160 57 139 102 77 145 130 175 54 53 36 12 19 24 124 73 5 180 162 56 40 9 34 192 26 60 137 23 18 195 191 93 92 172 154 187 15 4 196 8 48 28 43 39 82 146 27 186 1 3 169 173 179 181 17 89 176 16 197 94 101 149 157 32 29 13 168 50 49 177 90 114 104 107 125 79 51 
9249 | 132.628560 | 167 163 185 159 58 127 99 96 170 65 52 190 22 116 75 33 44 110 10 88 136 158 47 117 111 105 118 135 67 83 55 35 85 86 95 70 120 166 126 142 109 113 199 14 11 121 153 62 63 189 31 164 171 45 42 122 76 112 98 69 152 87 91 132 74 0 174 30 143 150 2 72 165 37 141 161 59 20 64 106 80 61 131 138 41 38 182 108 123 100 140 147 81 78 46 128 6 7 178 156 21 68 119 148 133 155 25 103 97 115 144 129 184 84 151 66 134 71 183 198 193 194 188 160 57 139 102 77 145 130 175 54 53 36 12 19 24 124 73 5 180 162 56 40 9 34 192 26 60 137 23 18 195 191 93 92 172 154 187 15 4 196 8 48 28 43 39 82 146 27 186 1 3 169 173 179 181 17 89 176 16 197 94 101 149 157 32 29 13 168 50 49 177 90 114 104 107 125 79 51 
9449 | 129.739626 | 167 163 185 159 58 127 99 96 170 65 52 190 22 116 75 33 44 110 10 88 136 158 47 117 111 105 118 135 67 83 55 35 85 86 95 70 120 166 126 142 109 113 199 14 11 121 153 62 63 189 31 164 171 45 42 122 76 112 98 69 152 87 91 132 74 0 174 30 143 150 2 72 165 37 141 161 59 20 64 106 80 61 131 138 41 38 182 108 123 100 140 147 81 78 46 128 6 7 178 156 48 68 119 148 133 155 25 103 97 115 144 129 184 84 151 66 134 71 183 198 193 194 188 160 57 139 102 77 145 130 175 54 53 36 12 19 24 124 73 5 180 162 56 40 9 34 192 26 60 137 23 18 195 191 93 92 172 154 187 15 4 196 8 21 28 43 39 82 146 27 186 1 3 169 173 179 181 17 89 176 16 197 94 101 149 157 32 29 13 168 50 49 177 90 114 104 107 125 79 51 
9849 | 129.493411 | 43 163 185 159 58 127 99 96 170 65 52 190 22 116 75 33 44 110 10 88 136 158 47 117 111 105 118 135 67 83 55 35 85 86 95 70 120 166 126 142 109 113 199 14 11 121 153 62 63 189 31 164 171 45 42 122 76 112 98 69 152 87 91 132 74 0 174 30 143 150 2 72 165 37 141 161 59 20 64 106 80 61 131 138 41 38 182 108 123 100 140 147 81 78 46 128 6 7 178 156 48 68 119 148 133 155 25 103 97 115 144 129 184 84 151 66 134 71 183 198 193 194 188 160 57 139 102 77 145 130 175 54 53 36 12 19 24 124 73 5 180 162 56 40 9 34 192 26 60 137 23 18 195 191 93 92 172 154 187 15 4 196 8 21 28 167 39 82 146 27 186 1 3 169 173 179 181 17 89 176 16 197 94 101 149 157 32 29 13 168 50 49 177 90 114 104 107 125 79 51 
10249 | 128.921942 | 43 163 185 159 58 127 99 96 170 65 52 190 22 116 75 33 44 110 10 88 136 158 47 117 111 105 118 135 67 83 55 35 85 86 95 70 120 166 126 142 109 113 199 14 11 121 153 62 63 189 31 164 171 45 42 122 76 112 98 69 152 87 91 132 74 0 174 30 143 150 2 72 165 37 141 161 59 20 64 106 80 61 131 138 41 38 182 108 123 100 140 147 81 78 46 128 6 7 178 156 48 68 119 148 133 155 25 103 97 115 144 139 184 84 151 66 134 71 183 198 193 194 188 160 57 129 102 77 145 130 175 54 53 36 12 19 24 124 73 5 180 162 56 40 9 34 192 26 60 137 23 18 195 191 93 92 172 154 187 15 4 196 8 21 28 167 39 82 146 27 186 1 3 169 173 179 181 17 89 176 16 197 94 101 149 157 32 29 13 168 50 49 177 90 114 104 107 125 79 51 
10649 | 127.827775 | 43 163 185 159 58 127 99 96 170 65 52 190 22 116 75 33 44 110 10 88 136 158 47 117 111 105 118 135 67 83 55 35 85 86 95 70 120 166 126 142 109 113 199 14 11 121 153 62 63 189 31 164 171 45 42 122 76 112 98 69 152 87 91 132 74 0 174 30 143 150 2 72 165 37 160 161 59 20 64 106 80 61 131 138 41 38 182 108 123 100 140 147 81 78 46 128 6 7 178 156 48 68 119 148 133 155 25 103 97 115 144 139 184 84 151 66 134 71 183 198 193 194 188 141 57 129 102 77 145 130 175 54 53 36 12 19 24 124 73 5 180 162 56 40 9 34 192 26 60 137 23 18 195 191 93 92 172 154 187 15 4 196 8 21 28 167 39 82 146 27 186 1 3 169 173 179 181 17 89 176 16 197 94 101 149 157 32 29 13 168 50 49 177 90 114 104 107 125 79 51 
10749 | 125.798173 | 43 163 185 159 58 127 99 96 170 65 52 190 22 116 75 33 44 110 10 88 136 158 47 117 111 105 118 135 67 83 55 35 85 86 95 70 120 166 126 142 109 113 199 14 11 121 153 62 63 189 31 164 171 45 42 122 76 112 98 69 152 87 91 132 74 0 174 30 143 150 2 72 165 37 160 161 59 20 64 106 80 61 131 138 41 38 182 108 123 100 140 147 81 78 46 128 6 7 178 156 48 68 119 148 133 155 25 103 97 115 144 139 184 84 151 66 134 71 183 198 193 194 188 141 57 129 102 77 145 130 175 54 53 36 12 19 24 124 73 5 180 162 56 40 9 34 192 26 60 137 23 18 195 191 93 92 172 154 187 15 4 196 8 21 28 167 39 177 146 27 186 1 3 169 173 179 181 17 89 176 16 197 94 101 149 157 32 29 13 168 50 49 82 90 114 104 107 125 79 51 
10949 | 125.758946 | 43 163 185 159 58 127 99 96 170 65 52 190 22 116 75 33 44 110 10 88 136 158 47 117 111 105 118 135 67 83 55 35 85 86 95 70 120 166 126 142 109 113 199 14 11 121 153 62 63 189 31 164 171 45 42 122 76 112 98 69 152 87 91 132 74 0 174 30 143 150 2 72 165 37 160 161 59 20 64 106 80 61 131 138 41 38 12 108 123 100 140 147 81 78 46 128 6 7 178 156 48 68 119 148 133 155 25 103 97 115 144 139 184 84 151 66 134 71 183 198 193 194 188 141 57 129 102 77 145 130 175 54 53 36 182 19 24 124 73 5 180 162 56 40 9 34 192 26 60 137 23 18 195 191 93 92 172 154 187 15 4 196 8 21 28 167 39 177 146 27 186 1 3 169 173 179 181 17 89 176 16 197 94 101 149 157 32 29 13 168 50 49 82 90 114 104 107 125 79 51 
11049 | 125.352167 | 43 163 185 159 58 127 99 96 170 65 52 190 22 116 75 33 44 110 10 88 136 158 47 117 111 105 118 135 67 83 55 35 85 86 95 70 120 166 126 142 109 113 199 14 11 121 153 62 63 189 31 164 171 45 42 122 76 112 98 69 152 87 91 132 74 0 174 30 143 150 2 72 165 37 160 161 59 20 64 106 80 108 131 138 41 38 12 61 123 100 140 147 81 78 46 128 6 7 178 156 48 68 119 148 133 155 25 103 97 115 144 139 184 84 151 66 134 71 183 198 193 194 188 141 57 129 102 77 145 130 175 54 53 36 182 19 24 124 73 5 180 162 56 40 9 34 192 26 60 137 23 18 195 191 93 92 172 154 187 15 4 196 8 21 28 167 39 177 146 27 186 1 3 169 173 179 181 17 89 176 16 197 94 101 149 157 32 29 13 168 50 49 82 90 114 104 107 125 79 51 
11349 | 124.509579 | 43 163 185 159 58 127 99 96 170 65 52 190 22 116 75 33 44 110 10 88 136 158 47 117 111 105 118 135 67 83 55 35 85 86 95 70 120 166 126 142 109 113 199 14 11 121 153 62 63 189 31 164 171 45 42 122 76 112 98 69 152 87 91 132 74 0 174 30 143 150 2 72 165 37 160 161 59 20 64 106 80 108 131 138 41 38 12 61 123 100 140 79 81 78 46 128 6 7 178 156 48 68 119 148 133 155 25 103 97 115 144 139 184 84 151 66 134 71 183 198 193 194 188 141 57 129 102 77 145 130 175 54 53 36 182 19 24 124 73 5 180 162 56 40 9 34 192 26 60 137 23 18 195 191 93 92 172 154 187 15 4 196 8 21 28 167 39 177 146 27 186 1 3 169 173 179 181 17 89 176 16 197 94 101 149 157 32 29 13 168 50 49 82 90 114 104 107 125 147 51 
11549 | 124.198735 | 43 163 185 159 58 127 99 96 170 65 52 190 22 116 75 33 44 110 10 88 136 158 47 117 111 105 118 135 67 83 55 35 85 86 95 70 120 166 126 142 109 113 199 14 11 121 153 62 63 189 31 164 171 45 42 122 76 112 98 69 152 87 91 132 74 0 174 30 143 150 2 72 165 37 160 161 59 20 64 106 80 114 131 138 41 38 12 61 123 100 140 79 81 78 46 128 6 7 178 156 48 68 119 148 133 155 25 103 97 115 144 139 184 84 151 66 134 71 183 198 193 194 188 141 57 129 102 77 145 130 175 54 53 36 182 19 24 124 73 5 180 162 56 40 9 34 192 26 60 137 23 18 195 191 93 92 172 154 187 15 4 196 8 21 28 167 39 177 146 27 186 1 3 169 173 179 181 17 89 176 16 197 94 101 149 157 32 29 13 168 50 49 82 90 108 104 107 125 147 51 
12949 | 123.038934 | 43 2 185 159 58 127 99 96 170 65 52 190 22 116 75 33 44 110 10 88 136 158 47 117 111 105 118 135 67 83 55 35 85 86 95 70 120 166 126 142 109 113 199 14 11 121 153 62 63 189 31 164 171 45 42 122 76 112 98 69 152 87 91 132 74 0 174 30 143 150 163 72 165 37 160 161 59 20 64 106 80 114 131 138 41 38 12 61 123 100 140 79 81 78 46 128 6 7 178 156 48 68 119 148 133 155 25 103 97 115 144 139 184 84 151 66 134 71 183 198 193 194 188 141 57 129 102 77 145 130 175 54 53 36 182 19 24 124 73 5 180 162 56 40 9 34 192 26 60 137 23 18 195 191 93 92 172 154 187 15 4 196 8 21 28 167 39 177 146 27 186 1 3 169 173 179 181 17 89 176 16 197 94 101 149 157 32 29 13 168 50 49 82 90 108 104 107 125 147 51 
13049 | 122.975045 | 43 2 185 159 58 127 99 96 170 65 52 190 22 116 75 33 44 110 10 88 136 158 47 117 111 105 118 135 67 83 55 35 85 86 95 70 120 166 126 142 109 113 199 14 11 121 153 62 63 189 31 164 171 45 42 122 76 112 98 69 152 87 91 132 74 0 174 30 143 150 163 72 165 37 160 161 59 20 92 106 80 114 131 138 41 38 12 61 123 100 140 79 81 78 46 128 6 7 178 156 48 68 119 148 133 155 25 103 97 115 144 139 184 84 151 66 134 71 183 198 193 194 188 141 57 129 102 77 145 130 175 54 53 36 182 19 24 124 73 5 180 162 56 40 9 34 192 26 60 137 23 18 195 191 93 64 172 154 187 15 4 196 8 21 28 167 39 177 146 27 186 1 3 169 173 179 181 17 89 176 16 197 94 101 149 157 32 29 13 168 50 49 82 90 108 104 107 125 147 51 
13149 | 122.346718 | 43 2 185 159 58 127 99 96 170 65 52 190 22 116 75 33 44 110 10 88 136 158 47 117 111 105 118 135 67 83 55 35 85 86 95 70 120 166 126 142 109 113 199 14 11 121 153 62 63 189 31 164 171 45 42 122 76 112 98 69 152 87 91 132 74 0 174 30 143 150 163 72 165 37 160 161 59 20 92 106 80 114 131 138 41 38 12 61 123 100 140 79 81 78 46 128 6 7 178 156 48 68 119 148 133 155 25 103 97 115 144 139 184 84 151 66 134 71 183 198 193 194 188 141 57 129 102 77 145 130 175 54 53 36 182 19 24 124 73 5 180 162 56 40 9 34 27 26 60 137 23 18 195 191 93 64 172 154 187 15 4 196 8 21 28 167 39 177 146 192 186 1 3 169 173 179 181 17 89 176 16 197 94 101 149 157 32 29 13 168 50 49 82 90 108 104 107 125 147 51 
13249 | 121.060405 | 43 2 185 159 58 127 99 96 170 65 52 190 22 116 75 33 44 110 10 88 136 158 47 117 111 105 118 135 67 83 55 35 85 86 95 70 120 166 126 142 109 113 199 14 11 121 153 62 63 189 31 164 171 45 42 122 76 112 98 69 152 87 91 132 74 0 174 30 143 150 163 72 84 37 160 161 59 20 92 106 80 114 131 138 41 38 12 61 123 100 140 79 81 78 46 128 6 7 178 156 48 68 119 148 133 155 25 103 97 115 144 139 184 165 151 66 134 71 183 198 193 194 188 141 57 129 102 77 145 130 175 54 53 36 182 19 24 124 73 5 180 162 56 40 9 34 27 26 60 137 23 18 195 191 93 64 172 154 187 15 4 196 8 21 28 167 39 177 146 192 186 1 3 169 173 179 181 17 89 176 16 197 94 101 149 157 32 29 13 168 50 49 82 90 108 104 107 125 147 51 
13749 | 120.884939 | 43 2 185 159 58 127 99 96 170 65 52 190 22 116 75 33 44 110 10 88 136 158 47 117 111 105 118 135 67 83 55 35 85 86 95 70 120 166 126 142 109 113 199 14 11 121 153 62 63 189 31 164 171 45 42 122 76 112 98 69 152 87 91 132 74 0 174 30 143 150 163 72 84 37 160 161 59 20 92 106 80 114 131 138 41 38 12 61 123 100 140 79 81 78 46 128 6 7 178 156 48 68 119 148 133 155 25 103 97 115 144 139 184 165 151 66 134 71 13 198 193 194 188 141 57 129 102 77 145 130 175 54 53 36 182 19 24 124 73 5 180 162 56 40 9 34 27 26 60 137 23 18 195 191 93 64 172 154 187 15 4 196 8 21 28 167 39 177 146 192 186 1 3 169 173 179 181 17 89 176 16 197 94 101 149 157 32 29 183 168 50 49 82 90 108 104 107 125 147 51 
14049 | 120.748444 | 43 2 185 159 58 127 99 96 170 65 52 190 22 116 75 33 44 110 10 88 136 158 47 117 111 105 118 135 67 83 55 35 85 86 95 70 120 166 141 142 109 113 199 14 11 121 153 62 63 189 31 164 171 45 42 122 76 112 98 69 152 87 91 132 74 0 174 30 143 150 163 72 84 37 160 161 59 20 92 106 80 114 131 138 41 38 12 61 123 100 140 79 81 78 46 128 6 7 178 156 48 68 119 148 133 155 25 103 97 115 144 139 184 165 151 66 134 71 13 198 193 194 188 126 57 129 102 77 145 130 175 54 53 36 182 19 24 124 73 5 180 162 56 40 9 34 27 26 60 137 23 18 195 191 93 64 172 154 187 15 4 196 8 21 28 167 39 177 146 192 186 1 3 169 173 179 181 17 89 176 16 197 94 101 149 157 32 29 183 168 50 49 82 90 108 104 107 125 147 51 
14249 | 120.667438 | 43 2 185 159 58 127 99 96 170 64 52 190 22 116 75 33 44 110 10 88 136 158 47 117 111 105 118 135 67 83 55 35 85 86 95 70 120 166 141 142 109 113 199 14 11 121 153 62 63 189 31 164 171 45 42 122 76 112 98 69 152 87 91 132 74 0 174 30 143 150 163 72 84 37 160 161 59 20 92 106 80 114 131 138 41 38 12 61 123 100 140 79 81 78 46 128 6 7 178 156 48 68 119 148 133 155 25 103 97 115 144 139 184 165 151 66 134 71 13 198 193 194 188 126 57 129 102 77 145 130 175 54 53 36 182 19 24 124 73 5 180 162 56 40 9 34 27 26 60 137 23 18 195 191 93 65 172 154 187 15 4 196 8 21 28 167 39 177 146 192 186 1 3 169 173 179 181 17 89 176 16 197 94 101 149 157 32 29 183 168 50 49 82 90 108 104 107 125 147 51 
14349 | 120.595998 | 43 2 185 159 58 127 99 96 170 64 52 190 22 116 75 33 44 110 10 88 136 158 47 117 111 105 118 135 67 83 129 35 85 86 95 70 120 166 141 142 109 113 199 14 11 121 153 62 63 189 31 164 171 45 42 122 76 112 98 69 152 87 91 132 74 0 174 30 143 150 163 72 84 37 160 161 59 20 92 106 80 114 131 138 41 38 12 61 123 100 140 79 81 78 46 128 6 7 178 156 48 68 119 148 133 155 25 103 97 115 144 139 184 165 151 66 134 71 13 198 193 194 188 126 57 55 102 77 145 130 175 54 53 36 182 19 24 124 73 5 180 162 56 40 9 34 27 26 60 137 23 18 195 191 93 65 172 154 187 15 4 196 8 21 28 167 39 177 146 192 186 1 3 169 173 179 181 17 89 176 16 197 94 101 149 157 32 29 183 168 50 49 82 90 108 104 107 125 147 51 
14849 | 120.363187 | 43 2 185 159 58 127 99 96 170 64 52 190 22 116 75 33 44 110 10 88 136 158 47 117 111 105 118 135 67 83 129 35 85 86 95 70 120 166 141 142 109 113 199 14 11 121 153 62 63 189 31 164 171 45 42 122 76 112 98 69 152 87 91 132 74 0 174 30 143 150 163 144 84 37 160 161 59 20 92 106 80 114 131 138 41 38 12 61 123 100 140 79 81 78 46 128 6 7 178 156 48 68 119 148 133 155 25 103 97 115 72 139 184 165 151 66 134 71 13 198 193 194 188 126 57 55 102 77 145 130 175 54 53 36 182 19 24 124 73 5 180 162 56 40 9 34 27 26 60 137 23 18 195 191 93 65 172 154 187 15 4 196 8 21 28 167 39 177 146 192 186 1 3 169 173 179 181 17 89 176 16 197 94 101 149 157 32 29 183 168 50 49 82 90 108 104 107 125 147 51 
15349 | 119.755506 | 43 2 185 159 58 127 99 96 170 64 52 190 22 116 75 33 44 110 10 88 136 158 47 117 111 105 118 135 67 83 129 35 85 86 95 70 120 166 141 142 109 175 199 14 11 121 153 62 63 189 31 164 171 45 42 122 76 112 98 69 152 87 91 132 74 0 174 30 143 150 163 144 84 37 160 161 59 20 92 106 80 114 131 138 41 38 12 61 123 100 140 79 81 78 46 128 6 7 178 156 48 68 119 148 133 155 25 103 97 115 72 139 184 165 151 66 134 71 13 198 193 194 188 126 57 55 102 77 145 130 113 54 53 36 182 19 24 124 73 5 180 162 56 40 9 34 27 26 60 137 23 18 195 191 93 65 172 154 187 15 4 196 8 21 28 167 39 177 146 192 186 1 3 169 173 179 181 17 89 176 16 197 94 101 149 157 32 29 183 168 50 49 82 90 108 104 107 125 147 51 
15449 | 119.628409 | 43 2 185 159 58 127 99 96 170 64 52 190 22 116 75 33 44 110 10 88 136 158 47 117 111 105 118 135 67 83 129 35 85 86 95 70 120 166 141 142 109 175 199 14 11 121 153 62 63 189 31 164 171 45 42 122 76 112 98 69 152 87 91 132 74 0 174 30 143 150 163 144 84 37 160 161 59 20 92 106 80 114 131 138 41 38 12 61 123 100 140 79 81 78 46 128 6 7 178 156 48 68 119 148 133 155 25 103 97 115 72 139 184 165 151 66 134 71 13 198 193 194 188 126 57 56 102 77 145 130 113 54 53 36 182 19 24 124 73 5 180 162 55 40 9 34 27 26 60 137 23 18 195 191 93 65 172 154 187 15 4 196 8 21 28 167 39 177 146 192 186 1 3 169 173 179 181 17 89 176 16 197 94 101 149 157 32 29 183 168 50 49 82 90 108 104 107 125 147 51 
15549 | 119.591756 | 43 2 185 159 58 127 99 96 170 64 52 190 22 116 75 33 44 110 10 88 136 158 47 117 111 105 118 135 67 83 129 35 85 86 95 70 120 166 141 142 109 175 199 14 11 121 153 62 63 189 31 164 171 45 42 122 76 112 98 69 152 87 91 132 74 0 174 30 143 150 163 144 84 37 160 161 59 20 92 106 80 114 131 138 41 38 12 61 123 100 140 79 81 78 46 128 6 7 178 156 48 68 119 148 133 155 25 103 97 115 72 139 184 165 151 66 134 71 13 198 193 194 188 126 57 56 89 77 145 130 113 54 53 36 182 19 24 124 73 5 180 162 55 40 9 34 27 26 60 137 23 18 195 191 93 65 172 154 187 15 4 196 8 21 28 167 39 177 146 192 186 1 3 169 173 179 181 17 102 176 16 197 94 101 149 157 32 29 183 168 50 49 82 90 108 104 107 125 147 51 
15749 | 119.374385 | 43 2 185 159 58 127 99 96 170 64 52 190 22 116 75 33 36 110 10 88 136 158 47 117 111 105 118 135 67 83 129 35 85 86 95 70 120 166 141 142 109 175 199 14 11 121 153 62 63 189 31 164 171 45 42 122 76 112 98 69 152 87 91 132 74 0 174 30 143 150 163 144 84 37 160 161 59 20 92 106 80 114 131 138 41 38 12 61 123 100 140 79 81 78 46 128 6 7 178 156 48 68 119 148 133 155 25 103 97 115 72 139 184 165 151 66 134 71 13 198 193 194 188 126 57 56 89 77 145 130 113 54 53 44 182 19 24 124 73 5 180 162 55 40 9 34 27 26 60 137 23 18 195 191 93 65 172 154 187 15 4 196 8 21 28 167 39 177 146 192 186 1 3 169 173 179 181 17 102 176 16 197 94 101 149 157 32 29 183 168 50 49 82 90 108 104 107 125 147 51 
15849 | 118.850957 | 43 2 185 159 58 127 99 96 170 64 52 190 22 116 75 33 55 110 10 88 136 158 47 117 111 105 118 135 67 83 129 35 85 86 95 70 120 166 141 142 109 175 199 14 11 121 153 62 63 189 31 164 171 45 42 122 76 112 98 69 152 87 91 132 74 0 174 30 143 150 163 144 84 37 160 161 59 20 92 106 80 114 131 138 41 38 12 61 123 100 140 79 81 78 46 128 6 7 178 156 48 68 119 148 133 155 25 103 97 115 72 139 184 165 151 66 134 71 13 198 193 194 188 126 57 56 89 77 145 130 113 54 53 44 182 19 24 124 73 5 180 162 36 40 9 34 27 26 60 137 23 18 195 191 93 65 172 154 187 15 4 196 8 21 28 167 39 177 146 192 186 1 3 169 173 179 181 17 102 176 16 197 94 101 149 157 32 29 183 168 50 49 82 90 108 104 107 125 147 51 
17049 | 118.837036 | 43 2 185 159 58 127 99 96 170 64 52 190 22 116 75 33 55 110 10 88 136 158 47 117 111 105 118 135 67 83 129 35 85 86 95 70 120 166 141 142 109 175 199 14 11 121 51 62 63 189 31 164 171 45 42 122 76 112 98 69 152 87 91 132 74 0 174 30 143 150 163 144 84 37 160 161 59 20 92 106 80 114 131 138 41 38 12 61 123 100 140 79 81 78 46 128 6 7 178 156 48 68 119 148 133 155 25 103 97 115 72 139 184 165 151 66 134 71 13 198 193 194 188 126 57 56 89 77 145 130 113 54 53 44 182 19 24 124 73 5 180 162 36 40 9 34 27 26 60 137 23 18 195 191 93 65 172 154 187 15 4 196 8 21 28 167 39 177 146 192 186 1 3 169 173 179 181 17 102 176 16 197 94 101 149 157 32 29 183 168 50 49 82 90 108 104 107 125 147 153 
17249 | 118.682554 | 43 2 185 159 58 127 99 96 170 64 52 190 22 116 75 33 55 110 10 88 136 158 47 117 111 105 118 135 152 83 129 35 85 86 95 70 120 166 141 142 109 175 199 14 11 121 51 62 63 189 31 164 171 45 42 122 76 112 98 69 67 87 91 132 74 0 174 30 143 150 163 144 84 37 160 161 59 20 92 106 80 114 131 138 41 38 12 61 123 100 140 79 81 78 46 128 6 7 178 156 48 68 119 148 133 155 25 103 97 115 72 139 184 165 151 66 134 71 13 198 193 194 188 126 57 56 89 77 145 130 113 54 53 44 182 19 24 124 73 5 180 162 36 40 9 34 27 26 60 137 23 18 195 191 93 65 172 154 187 15 4 196 8 21 28 167 39 177 146 192 186 1 3 169 173 179 181 17 102 176 16 197 94 101 149 157 32 29 183 168 50 49 82 90 108 104 107 125 147 153 
17354 | 118.439716 | 96 21 136 120 77 73 26 178 20 154 6 197 98 105 121 86 111 182 18 30 195 199 34 156 152 151 193 8 179 13 16 90 44 143 0 149 49 36 164 168 183 23 15 10 2 78 157 51 54 140 67 127 29 180 28 194 4 110 95 119 166 181 32 167 196 5 190 40 70 59 173 165 177 9 66 45 71 97 104 175 84 39 52 148 137 63 17 19 172 42 82 68 114 133 185 135 126 81 108 142 117 94 107 101 64 123 109 83 113 89 187 35 128 155 31 186 191 12 184 27 7 129 69 62 72 56 147 46 131 106 115 116 91 88 79 171 169 176 60 188 11 65 145 138 33 14 198 38 55 41 43 141 99 192 3 58 124 159 160 162 163 146 100 170 87 76 118 85 102 61 112 74 132 48 50 139 25 103 93 158 75 153 144 134 150 47 174 53 24 92 80 130 37 125 122 1 189 22 57 161 
17554 | 118.171132 | 96 21 136 120 77 73 26 178 20 154 6 197 98 105 121 86 111 182 18 30 195 199 34 156 152 151 193 8 179 13 16 90 44 143 0 149 49 36 164 168 183 23 15 10 2 78 157 51 54 140 67 127 29 180 28 194 4 110 95 119 166 181 32 167 196 5 190 40 70 59 173 165 177 9 66 45 71 97 104 175 84 39 52 148 137 63 17 19 172 42 82 68 114 133 185 135 126 81 108 142 117 94 107 101 64 123 109 83 113 89 187 35 128 155 31 186 191 12 184 27 7 129 69 62 72 56 147 46 131 106 115 116 91 88 79 171 169 176 60 188 11 65 145 138 33 14 198 38 55 41 174 141 99 192 3 58 124 159 160 162 163 146 100 170 87 76 118 85 102 61 112 74 132 48 50 139 25 103 93 158 75 153 144 134 150 47 43 53 24 92 80 130 37 125 122 1 189 22 57 161 
17649 | 116.123193 | 43 2 185 159 58 127 99 96 170 64 52 190 22 116 75 33 55 110 10 88 136 158 47 117 111 105 118 135 152 83 129 35 85 86 95 70 120 166 141 142 109 175 199 14 11 121 51 62 63 189 31 164 171 45 42 122 76 112 98 69 67 87 91 132 74 0 174 30 143 150 163 144 84 37 160 161 59 20 92 106 80 114 131 138 41 38 12 61 123 100 102 79 81 78 46 128 6 7 178 156 48 68 119 148 133 155 25 103 97 115 72 139 184 165 151 66 134 71 13 198 193 194 188 126 57 56 89 77 145 130 113 54 53 44 182 19 24 124 73 5 180 162 36 40 9 34 27 26 60 137 23 18 195 191 93 65 172 154 187 15 4 196 8 21 28 167 39 177 146 192 186 1 3 169 173 179 181 17 140 176 16 197 94 101 149 157 32 29 183 168 50 49 82 90 108 104 107 125 147 153 
17849 | 115.752881 | 43 2 185 159 58 127 99 96 170 64 52 190 22 116 75 33 55 110 10 88 136 158 47 117 111 105 118 135 152 83 129 35 85 86 95 70 120 166 141 142 109 175 199 14 11 121 51 62 63 189 31 164 171 45 42 122 76 112 98 69 67 87 91 132 74 0 174 30 143 150 163 144 84 37 160 161 178 20 92 106 80 114 131 138 41 38 12 61 123 100 102 79 81 78 46 128 6 7 59 156 48 68 119 148 133 155 25 103 97 115 72 139 184 165 151 66 134 71 13 198 193 194 188 126 57 56 89 77 145 130 113 54 53 44 182 19 24 124 73 5 180 162 36 40 9 34 27 26 60 137 23 18 195 191 93 65 172 154 187 15 4 196 8 21 28 167 39 177 146 192 186 1 3 169 173 179 181 17 140 176 16 197 94 101 149 157 32 29 183 168 50 49 82 90 108 104 107 125 147 153 
18049 | 115.488966 | 43 2 185 159 58 127 99 96 170 139 52 190 22 116 75 33 55 110 10 88 136 158 47 117 111 105 118 135 152 83 129 35 85 86 95 70 120 166 141 142 109 175 199 14 11 121 51 62 63 189 31 164 171 45 42 122 76 112 98 69 67 87 91 132 74 0 174 30 143 150 163 144 84 37 160 161 178 20 92 106 80 114 131 138 41 38 12 61 123 100 102 79 81 78 46 128 6 7 59 156 48 68 119 148 133 155 25 103 97 115 72 64 184 165 151 66 134 71 13 198 193 194 188 126 57 56 89 77 145 130 113 54 53 44 182 19 24 124 73 5 180 162 36 40 9 34 27 26 60 137 23 18 195 191 93 65 172 154 187 15 4 196 8 21 28 167 39 177 146 192 186 1 3 169 173 179 181 17 140 176 16 197 94 101 149 157 32 29 183 168 50 49 82 90 108 104 107 125 147 153 
18549 | 115.468634 | 43 2 185 159 58 127 99 96 170 139 52 190 22 116 75 33 55 110 10 88 136 158 47 117 111 105 118 135 152 83 129 35 85 86 95 70 120 166 141 142 109 175 199 14 11 121 51 62 63 189 31 164 171 45 42 122 76 112 98 69 67 87 91 132 74 0 174 30 143 150 163 144 84 37 160 161 178 20 93 106 80 114 131 138 41 38 12 61 123 100 102 79 81 78 46 128 6 7 59 156 48 68 119 148 133 155 25 103 97 115 72 64 184 165 151 66 134 71 13 198 193 194 188 126 57 56 89 77 145 130 113 54 53 44 182 19 24 124 73 5 180 162 36 40 9 34 27 26 60 137 23 18 195 191 92 65 172 154 187 15 4 196 8 21 28 167 39 177 146 192 186 1 3 169 173 179 181 17 140 176 16 197 94 101 149 157 32 29 183 168 50 49 82 90 108 104 107 125 147 153 
18649 | 114.304300 | 43 2 185 159 58 127 99 96 170 139 52 190 22 116 75 33 128 110 10 88 136 158 47 117 111 105 118 135 152 83 129 35 85 86 95 70 120 166 141 142 109 175 199 14 11 121 51 62 63 189 31 164 171 45 42 122 76 112 98 69 67 87 91 132 74 0 174 30 143 150 163 144 84 37 160 161 178 20 93 106 80 114 131 138 41 38 12 61 123 100 102 79 81 78 46 55 6 7 59 156 48 68 119 148 133 155 25 103 97 115 72 64 184 165 151 66 134 71 13 198 193 194 188 126 57 56 89 77 145 130 113 54 53 44 182 19 24 124 73 5 180 162 36 40 9 34 27 26 60 137 23 18 195 191 92 65 172 154 187 15 4 196 8 21 28 167 39 177 146 192 186 1 3 169 173 179 181 17 140 176 16 197 94 101 149 157 32 29 183 168 50 49 82 90 108 104 107 125 147 153 
19449 | 112.457546 | 43 2 185 159 58 127 99 96 170 139 52 154 22 116 75 33 128 110 10 88 136 158 47 117 111 105 118 135 152 83 129 35 85 86 95 70 120 166 141 142 109 175 199 14 11 121 51 62 63 189 31 164 171 45 42 122 76 112 98 69 67 87 91 132 74 0 174 30 143 150 163 144 84 37 160 161 178 20 93 106 80 114 131 138 41 38 12 61 123 100 102 79 81 78 46 55 6 7 59 156 48 68 119 148 133 155 25 103 97 115 72 64 184 165 151 66 134 71 13 198 193 194 188 126 57 56 89 77 145 130 113 54 53 44 182 19 24 124 73 5 180 162 36 40 9 34 27 26 60 137 23 18 195 191 92 65 172 190 187 15 4 196 8 21 28 167 39 177 146 192 186 1 3 169 173 179 181 17 140 176 16 197 94 101 149 157 32 29 183 168 50 49 82 90 108 104 107 125 147 153 
19649 | 110.753430 | 43 2 185 159 58 127 99 96 170 139 52 154 22 116 75 33 128 110 10 88 136 158 47 117 111 105 118 135 152 83 129 35 85 86 95 70 120 166 141 142 109 175 199 14 146 121 51 62 63 189 31 164 171 45 42 122 76 112 98 69 67 87 91 132 74 0 174 30 143 150 163 144 84 37 160 161 178 20 93 106 80 114 131 138 41 38 12 61 123 100 102 79 81 78 46 55 6 7 59 156 48 68 119 148 133 155 25 103 97 115 72 64 184 165 151 66 134 71 13 198 193 194 188 126 57 56 89 77 145 130 113 54 53 44 182 19 24 124 73 5 180 162 36 40 9 34 27 26 60 137 23 18 195 191 92 65 172 190 187 15 4 196 8 21 28 167 39 177 11 192 186 1 3 169 173 179 181 17 140 176 16 197 94 101 149 157 32 29 183 168 50 49 82 90 108 104 107 125 147 153 
19849 | 110.592517 | 43 2 185 159 58 127 99 96 170 139 52 154 22 116 75 33 128 110 10 88 136 158 47 117 111 105 118 135 152 78 129 35 85 86 95 70 120 166 141 142 109 175 199 14 146 121 51 62 63 189 31 164 171 45 42 122 76 112 98 69 67 87 91 132 74 0 174 30 143 150 163 144 84 37 160 161 178 20 93 106 80 114 131 138 41 38 12 61 123 100 102 79 81 83 46 55 6 7 59 156 48 68 119 148 133 155 25 103 97 115 72 64 184 165 151 66 134 71 13 198 193 194 188 126 57 56 89 77 145 130 113 54 53 44 182 19 24 124 73 5 180 162 36 40 9 34 27 26 60 137 23 18 195 191 92 65 172 190 187 15 4 196 8 21 28 167 39 177 11 192 186 1 3 169 173 179 181 17 140 176 16 197 94 101 149 157 32 29 183 168 50 49 82 90 108 104 107 125 147 153 
20249 | 110.530498 | 43 2 185 159 58 127 99 96 170 139 52 154 22 116 75 33 128 110 10 88 136 158 47 117 111 105 118 135 103 78 129 35 85 86 95 70 120 166 141 142 109 175 199 14 146 121 51 62 63 189 31 164 171 45 42 122 76 112 98 69 67 87 91 132 74 0 174 30 143 150 163 144 84 37 160 161 178 20 93 106 80 114 131 138 41 38 12 61 123 100 102 79 81 83 46 55 6 7 59 156 48 68 119 148 133 155 25 152 97 115 72 64 184 165 151 66 134 71 13 198 193 194 188 126 57 56 89 77 145 130 113 54 53 44 182 19 24 124 73 5 180 162 36 40 9 34 27 26 60 137 23 18 195 191 92 65 172 190 187 15 4 196 8 21 28 167 39 177 11 192 186 1 3 169 173 179 181 17 140 176 16 197 94 101 149 157 32 29 183 168 50 49 82 90 108 104 107 125 147 153 
20849 | 110.310847 | 43 2 185 159 58 127 99 96 170 139 52 154 22 116 75 184 128 110 10 88 136 158 47 117 111 105 118 135 103 78 129 35 85 86 95 70 120 166 141 142 109 175 199 14 146 121 51 62 63 189 31 164 171 45 42 122 76 112 98 69 67 87 91 132 74 0 174 30 143 150 163 144 84 37 160 161 178 20 93 106 80 114 131 138 41 38 12 61 123 100 102 79 81 83 46 55 6 7 59 156 48 68 119 148 133 155 25 152 97 115 72 64 33 165 151 66 134 71 13 198 193 194 188 126 57 56 89 77 145 130 113 54 53 44 182 19 24 124 73 5 180 162 36 40 9 34 27 26 60 137 23 18 195 191 92 65 172 190 187 15 4 196 8 21 28 167 39 177 11 192 186 1 3 169 173 179 181 17 140 176 16 197 94 101 149 157 32 29 183 168 50 49 82 90 108 104 107 125 147 153 
21954 | 109.525976 | 96 21 136 120 77 73 26 178 20 187 6 197 98 105 121 86 111 182 18 30 195 199 34 156 152 151 193 8 179 13 16 90 44 143 0 149 49 36 164 171 183 189 198 10 2 78 157 51 54 140 67 127 29 180 28 194 4 110 95 119 166 181 32 167 196 5 190 40 70 142 173 165 177 9 43 45 71 97 104 175 84 39 52 148 137 63 17 19 172 42 170 68 114 133 37 135 126 81 108 134 130 94 103 101 117 123 109 83 113 89 154 35 128 155 31 186 191 12 184 27 7 129 69 62 72 56 147 46 131 106 115 116 91 88 79 168 169 176 60 188 11 65 145 138 33 14 15 38 55 41 174 141 99 3 192 58 124 159 160 162 163 146 100 82 87 76 118 85 102 61 112 74 132 48 50 139 25 107 93 158 75 153 144 59 150 47 66 53 24 92 80 64 185 125 122 1 23 22 57 161 
22054 | 108.059896 | 96 21 136 120 77 73 26 178 20 187 6 197 98 105 121 86 111 182 18 30 195 199 34 156 152 151 193 8 179 13 16 90 44 143 0 149 49 36 164 171 183 189 198 10 2 78 157 51 54 140 67 127 29 180 28 194 4 110 95 119 166 181 32 167 196 5 190 40 70 142 173 165 177 9 43 45 71 97 104 175 84 39 52 148 137 63 17 19 172 42 170 68 114 133 37 135 126 81 108 134 130 94 103 101 117 123 109 83 113 89 154 35 128 155 31 186 191 12 184 27 7 129 69 62 72 56 147 46 131 106 115 116 91 88 79 168 169 57 60 188 11 65 145 138 33 14 15 38 55 41 174 141 99 3 192 58 124 159 160 162 163 146 100 82 87 76 118 85 102 61 112 74 132 48 50 139 25 107 93 158 75 153 144 59 150 47 66 53 24 92 80 64 185 125 122 1 23 22 176 161 
22854 | 106.615091 | 96 21 136 120 77 73 26 178 20 187 6 197 98 105 121 86 111 182 18 30 195 199 34 156 152 151 193 8 179 13 16 90 44 143 0 149 49 36 164 171 183 189 198 10 2 78 157 51 54 140 67 127 29 180 28 194 4 110 95 119 166 181 32 167 196 5 190 40 70 142 173 165 177 9 43 45 71 97 104 175 84 39 52 148 137 63 17 19 172 42 170 68 114 133 37 135 126 81 108 134 130 94 103 101 117 123 109 83 113 89 154 35 128 155 31 186 191 12 184 27 7 129 69 62 72 56 147 46 131 106 115 116 91 88 79 168 169 57 60 188 11 65 145 138 33 14 15 38 55 41 174 141 99 3 192 58 146 159 160 162 163 124 100 82 87 76 118 85 102 61 112 74 132 48 50 139 25 107 93 158 75 153 144 59 150 47 66 53 24 92 80 64 185 125 122 1 23 22 176 161 
23154 | 105.692165 | 96 21 136 120 77 73 26 178 20 187 6 197 98 105 121 86 111 182 18 30 195 199 34 156 152 151 193 8 179 13 16 90 44 143 0 149 49 36 164 171 183 189 198 10 2 64 157 51 54 140 67 127 29 180 28 194 4 110 95 119 166 181 32 167 196 5 190 40 70 142 173 165 177 9 43 45 71 97 104 175 84 39 52 148 137 63 17 19 172 42 170 68 114 133 37 135 126 81 108 134 130 94 103 101 117 123 109 83 113 89 154 35 128 155 31 186 191 12 184 27 7 129 69 62 72 56 147 46 131 106 115 116 91 88 79 168 169 57 60 188 11 65 145 138 33 14 15 38 55 41 174 141 99 3 192 58 146 159 160 162 163 124 100 82 87 76 118 85 102 61 112 74 132 48 50 139 25 107 93 158 75 153 144 59 150 47 66 53 24 92 80 78 185 125 122 1 23 22 176 161 
23654 | 105.329122 | 96 21 136 120 77 73 26 178 20 187 6 197 98 105 121 86 111 182 18 30 195 199 34 156 152 151 193 8 179 13 16 90 44 143 0 149 49 36 164 171 183 189 198 10 2 64 157 51 54 140 67 127 29 180 28 194 4 110 95 119 166 181 32 167 196 5 190 40 70 142 173 165 177 9 43 45 71 97 104 175 84 39 52 148 137 63 17 19 172 42 170 68 114 133 37 135 126 81 108 134 130 94 103 101 117 123 109 83 113 89 154 35 159 155 31 186 191 12 184 27 7 129 69 62 72 56 147 46 131 106 115 116 91 88 79 168 169 57 60 188 11 65 145 138 33 14 15 38 55 41 174 141 99 3 192 58 146 128 160 162 163 124 100 82 87 76 118 85 102 61 112 74 132 48 50 139 25 107 93 158 75 153 144 59 150 47 66 53 24 92 80 78 185 125 122 1 23 22 176 161 
