DataSet:	circ200
RunTime:	2022-6-23 21:18:33
Method:	RMHC2
Params:	P:100 E:3000000
DataPath:	./resources/datasets/circ200.txt

################################################################################

1 | 179.992205 | 44 152 150 4 174 110 12 71 181 164 147 89 99 158 57 39 56 142 123 11 199 184 96 175 144 172 84 130 121 161 8 52 154 136 193 160 132 86 46 0 26 65 37 63 62 166 5 29 40 45 17 79 28 149 81 126 36 35 189 98 41 88 113 54 16 125 20 186 197 180 31 66 128 127 133 50 187 163 112 148 151 159 64 97 15 171 120 73 19 153 109 93 34 138 170 72 129 134 51 105 47 141 78 169 111 61 75 195 137 177 59 68 3 6 74 87 192 124 23 140 60 27 157 114 94 168 165 14 7 173 76 67 43 10 42 185 30 24 83 178 179 77 117 176 156 80 118 32 92 139 103 91 21 188 182 191 58 49 101 106 104 167 100 48 13 108 194 25 119 122 38 143 190 135 155 131 116 33 102 115 196 2 162 90 85 82 55 146 198 95 145 18 107 70 9 22 53 183 69 1 
2 | 178.045026 | 36 116 51 30 41 104 89 151 138 120 132 87 170 171 146 179 43 162 93 8 2 31 94 97 112 131 177 150 101 144 86 17 196 186 18 0 188 137 14 82 35 126 38 50 197 194 12 189 180 185 153 72 85 159 26 34 102 178 161 95 19 27 127 15 63 167 187 78 60 96 184 199 69 155 111 29 49 176 37 62 145 61 149 181 22 135 53 42 157 125 92 136 39 24 5 121 65 59 6 9 33 21 74 99 44 11 73 168 46 114 174 64 40 182 103 98 119 198 134 113 71 193 90 7 165 10 47 54 91 124 81 195 77 75 183 172 4 117 88 142 79 57 56 68 143 152 173 190 110 28 58 160 169 84 108 122 158 20 166 1 141 66 16 154 76 133 118 45 163 175 128 55 148 164 80 67 32 192 130 107 48 25 70 13 115 105 83 23 100 156 129 109 147 3 139 106 140 123 191 52 
8 | 174.795452 | 18 47 1 141 36 67 12 116 43 130 56 96 0 81 126 13 51 136 94 77 188 76 176 192 4 32 55 177 168 190 93 25 84 72 160 194 195 34 22 112 132 38 60 170 85 144 65 133 42 63 123 109 95 124 105 33 147 162 92 20 156 98 82 169 153 142 52 37 129 24 70 175 184 186 8 61 180 150 145 79 199 88 53 146 135 50 167 21 161 191 19 178 59 122 80 164 41 143 23 137 17 73 172 57 78 196 75 49 173 27 113 187 5 74 68 117 118 171 40 3 39 108 107 64 100 120 159 30 154 15 189 35 10 115 69 106 114 166 128 11 152 31 48 151 158 90 138 66 102 155 157 9 16 83 110 29 183 7 148 149 62 181 97 127 163 103 91 99 111 134 185 28 14 139 182 193 179 197 174 104 46 6 89 71 2 58 86 121 198 44 87 140 125 165 119 131 54 45 101 26 
13 | 173.140806 | 52 165 162 161 136 142 72 34 62 189 141 53 44 194 166 76 156 103 68 65 23 73 152 88 168 39 183 29 30 177 49 134 55 8 115 112 83 175 159 160 130 192 102 46 11 77 96 121 178 10 149 41 14 114 16 196 195 155 181 184 85 4 193 171 66 199 86 105 79 125 90 98 82 20 64 163 56 106 42 35 148 40 138 154 7 127 180 100 110 186 129 15 111 117 190 91 51 59 5 167 176 63 157 18 131 70 67 17 1 128 24 174 48 179 21 153 188 33 57 38 109 89 197 45 107 185 182 120 81 104 84 143 124 26 198 19 9 74 36 60 71 58 3 94 25 32 37 170 80 158 95 169 99 172 0 54 133 147 47 191 173 31 119 93 97 137 150 92 145 13 28 75 164 135 139 118 6 146 43 27 50 22 140 101 113 122 69 126 87 144 151 61 108 78 187 2 116 123 132 12 
57 | 172.371164 | 23 152 62 167 183 90 46 101 72 73 107 28 194 78 32 65 104 177 126 53 113 198 17 184 127 85 26 67 171 111 29 181 114 51 197 94 159 188 155 157 136 163 50 138 130 195 6 40 162 118 120 1 33 164 133 146 48 140 179 39 36 21 43 12 178 92 87 2 89 30 161 42 116 110 115 124 98 31 96 103 61 132 193 3 44 52 14 35 60 13 49 108 4 99 141 79 8 199 165 37 47 77 160 34 20 176 24 38 185 45 11 54 76 27 148 122 41 121 74 117 154 135 81 75 139 84 131 93 134 56 109 91 7 170 147 128 102 192 64 71 105 156 149 142 151 19 172 119 173 189 57 166 63 18 150 15 16 25 88 137 168 186 0 169 95 129 82 66 190 70 112 143 80 106 86 123 175 174 58 153 69 55 191 158 97 145 10 5 100 125 187 182 68 180 196 144 59 83 22 9 
60 | 172.160097 | 198 74 128 127 186 147 14 194 102 145 6 55 10 100 116 65 190 48 168 94 160 52 154 42 106 169 162 43 66 93 86 180 24 16 140 41 31 82 143 58 193 29 166 61 25 181 153 142 18 77 167 124 22 47 177 85 187 135 20 90 115 136 30 33 146 114 70 158 134 157 117 53 163 199 1 5 170 189 88 62 192 76 17 7 27 51 72 173 71 110 32 174 0 139 121 8 107 183 28 46 45 172 118 103 67 132 130 60 159 120 119 83 35 196 138 104 81 109 105 96 49 111 79 184 99 63 156 15 185 197 131 165 98 57 75 101 73 123 50 195 13 161 144 179 68 151 191 4 34 37 152 97 56 95 87 112 9 175 188 122 137 23 182 155 54 69 64 164 2 92 178 40 39 80 3 12 126 36 108 176 59 129 148 171 21 26 38 11 84 150 149 133 125 91 78 89 44 113 19 141 
92 | 168.649303 | 81 40 52 195 89 116 11 93 61 57 149 192 22 84 146 125 164 0 36 37 92 182 165 172 166 137 128 79 75 113 177 175 178 135 103 169 48 44 122 80 49 194 102 28 35 196 70 43 30 133 124 155 8 99 167 179 114 25 183 72 121 97 150 170 3 7 107 31 86 21 123 119 73 151 134 198 9 27 19 126 67 69 98 90 47 4 148 111 87 180 188 147 42 132 193 106 54 17 139 12 38 129 100 1 33 101 82 105 199 140 71 10 136 50 46 96 117 62 168 29 154 127 171 112 76 20 189 51 32 66 138 173 45 23 190 2 176 18 64 156 41 160 24 143 58 184 34 197 15 161 152 55 14 26 162 174 63 39 91 118 115 108 186 187 157 185 163 5 141 181 94 109 159 53 131 85 77 13 60 191 104 6 56 130 59 68 158 153 120 95 110 74 144 145 142 16 65 88 78 83 
326 | 168.089754 | 180 161 74 198 12 48 78 98 118 150 137 83 127 90 105 120 126 92 66 176 112 49 18 7 27 140 199 193 188 197 20 63 47 77 196 42 169 70 14 175 102 144 157 81 134 122 142 13 182 1 75 82 58 111 129 76 61 36 124 22 149 85 178 91 24 4 96 147 155 5 156 191 172 170 52 190 41 40 69 146 25 72 184 97 187 100 59 159 57 50 38 153 73 33 32 28 31 37 125 131 123 148 143 152 56 23 115 114 108 164 101 106 189 39 46 95 133 138 87 65 186 0 151 194 174 139 34 99 54 103 113 43 11 86 64 51 9 167 163 53 117 60 15 162 67 109 181 2 107 154 130 173 68 160 192 94 183 80 89 110 21 35 6 165 10 30 93 136 45 158 116 128 79 171 17 44 195 135 145 62 19 71 177 179 16 3 185 141 121 55 168 88 132 104 119 84 29 166 8 26 
339 | 166.925603 | 18 15 20 121 11 50 70 134 142 192 155 136 123 107 98 154 114 79 194 27 81 53 25 19 17 46 151 16 196 157 113 72 183 89 129 179 41 140 149 55 188 40 143 30 48 165 43 49 170 91 9 5 167 23 108 61 52 103 133 69 130 84 71 51 181 131 122 178 187 162 153 38 32 12 174 120 184 177 7 190 86 76 77 186 21 88 87 137 85 111 6 99 64 82 36 100 28 182 152 39 8 160 173 2 144 158 150 145 126 189 191 37 44 198 94 80 13 180 54 124 105 62 34 171 67 22 56 90 35 141 169 147 115 97 66 138 112 26 117 10 24 42 176 59 116 45 0 14 168 65 83 3 197 125 195 199 73 146 47 4 57 75 135 163 31 119 193 156 104 96 127 1 60 148 109 132 33 101 68 92 118 166 74 161 78 102 106 110 164 175 29 159 128 63 95 139 93 185 58 172 
362 | 164.524169 | 191 80 18 169 192 39 47 73 117 46 127 64 199 197 123 122 61 160 118 71 99 25 60 66 81 159 109 45 139 94 119 121 30 34 42 120 37 185 130 125 57 198 170 74 161 116 164 12 8 196 33 54 79 87 65 58 129 93 28 97 96 147 38 9 143 104 10 163 146 85 44 182 188 158 32 23 102 106 56 89 173 156 157 181 36 111 11 67 126 112 114 190 184 145 176 52 171 53 29 21 59 78 14 26 174 91 95 90 69 137 5 98 186 7 40 1 2 165 172 4 154 27 144 17 105 88 107 68 15 110 149 70 6 0 100 51 19 194 50 76 155 134 133 131 24 63 101 140 55 132 31 168 113 180 175 72 136 141 115 152 48 178 166 142 77 92 83 75 148 177 103 193 16 167 135 62 13 138 84 124 20 189 187 43 41 151 183 22 3 82 128 150 108 86 179 195 49 153 162 35 
508 | 163.979418 | 18 47 141 67 12 1 116 130 36 43 0 56 96 81 126 51 13 94 136 77 76 192 176 188 55 32 4 168 177 190 93 72 194 84 25 160 22 195 34 112 132 170 38 85 60 65 42 63 144 133 109 123 124 105 95 33 147 162 92 20 156 169 98 82 129 142 153 52 37 175 24 70 186 184 8 180 145 61 79 150 199 88 146 53 167 135 50 21 191 161 19 122 59 80 178 164 41 23 143 137 17 73 172 196 78 57 75 173 49 113 5 187 27 74 117 68 118 171 40 3 39 108 107 100 120 64 159 154 30 15 35 189 10 115 114 69 106 166 152 11 128 31 48 151 158 66 138 102 90 155 157 9 16 83 183 29 110 7 149 62 148 181 127 97 163 103 99 91 134 111 28 185 14 139 193 182 179 197 104 89 174 6 71 46 2 86 58 121 198 44 140 87 125 165 119 54 131 45 101 26 
570 | 163.657717 | 112 124 94 130 163 164 169 199 188 168 57 108 97 159 58 64 62 86 119 7 194 146 47 183 190 38 10 74 78 54 149 99 56 24 69 116 173 182 187 14 192 71 167 52 181 50 171 65 172 166 131 134 151 162 23 103 157 176 4 92 193 90 75 29 105 89 142 106 120 53 113 18 88 126 174 147 196 30 133 132 154 60 128 21 104 5 15 84 102 121 95 35 19 6 68 140 186 87 72 129 152 76 123 110 11 118 55 136 66 61 135 26 41 100 125 155 109 3 180 16 117 85 148 34 198 36 83 44 127 93 73 185 137 179 1 39 17 197 31 49 46 195 79 33 139 153 27 37 45 156 191 25 82 20 107 91 8 67 42 184 13 9 150 122 143 160 177 175 141 63 70 98 165 12 189 2 48 40 96 77 158 101 111 59 161 115 178 145 43 144 51 22 81 114 80 28 170 0 138 32 
852 | 162.389659 | 10 66 77 114 38 141 67 128 181 187 8 85 87 3 65 119 93 45 54 28 125 71 115 96 89 40 184 117 135 197 189 170 58 98 111 175 50 196 152 147 20 160 164 6 22 136 9 199 52 198 195 127 86 26 104 161 192 30 47 80 72 112 84 63 82 56 12 183 21 16 5 113 27 92 74 37 162 32 46 41 2 19 25 179 29 24 49 34 180 100 121 130 94 0 17 163 60 151 79 106 73 146 166 143 39 107 57 18 139 148 188 103 43 132 149 153 88 191 69 176 53 36 186 81 116 137 91 108 131 118 15 70 76 75 42 59 62 169 167 122 142 172 124 23 35 33 138 193 51 97 44 178 168 190 185 134 101 83 7 177 14 90 126 155 68 11 144 158 194 13 156 174 61 157 120 182 99 1 173 48 150 123 145 31 133 165 4 55 64 102 78 140 154 129 105 110 95 109 159 171 
970 | 161.517120 | 112 124 94 130 163 164 169 199 188 168 57 108 58 97 159 64 62 86 119 7 194 146 47 183 190 10 74 38 78 54 149 56 99 24 69 116 173 182 14 187 192 71 167 52 181 50 171 172 65 166 131 134 151 162 23 103 176 157 4 92 193 90 75 29 105 89 142 106 120 113 53 18 88 126 174 147 196 30 132 154 133 60 128 21 104 5 15 84 102 121 95 35 19 6 140 68 186 87 72 129 152 123 76 110 11 118 55 66 136 61 135 26 41 100 125 155 109 180 3 16 117 85 148 34 198 36 83 44 127 93 73 185 179 137 1 39 197 17 31 49 46 195 79 33 139 153 27 37 45 156 25 191 20 82 107 91 8 42 67 13 184 9 150 122 143 160 177 175 141 63 70 98 165 12 189 2 48 40 96 77 158 101 111 59 115 161 178 145 43 144 51 22 81 114 80 170 28 138 0 32 
1224 | 161.266543 | 77 53 110 161 5 166 140 134 102 177 64 124 70 39 97 154 99 74 167 17 172 60 185 160 138 136 169 0 55 132 24 104 175 15 9 30 103 45 79 188 35 28 162 68 34 48 173 44 65 58 146 182 118 71 141 54 89 120 143 116 76 92 62 179 101 56 94 100 114 107 126 192 174 40 130 187 180 50 95 3 152 67 29 197 8 73 133 176 199 183 191 78 111 83 142 32 41 190 4 125 90 137 36 25 18 168 91 147 66 129 196 112 163 88 195 186 165 19 14 38 52 105 108 119 149 151 139 150 153 23 31 63 170 6 75 156 27 47 115 69 22 181 16 144 11 106 113 155 184 2 1 26 122 123 12 158 93 84 117 159 81 178 10 61 171 20 128 51 49 37 148 86 157 164 46 33 127 57 13 87 96 198 193 59 194 189 42 145 135 72 85 80 121 98 109 82 7 131 21 43 
1497 | 159.420247 | 183 198 38 81 94 162 87 65 24 27 82 1 90 117 73 93 192 29 126 34 8 123 39 53 74 106 128 78 99 98 103 19 28 170 56 136 146 95 125 115 108 12 23 193 124 119 135 105 58 52 145 97 164 70 157 40 33 50 166 171 86 59 138 92 181 182 51 174 197 43 63 41 176 175 155 69 133 116 179 190 20 77 49 151 61 184 148 44 112 67 172 6 137 57 62 150 134 0 45 154 48 9 13 25 26 178 76 131 109 130 72 37 91 159 64 80 32 18 2 102 46 5 186 11 144 111 84 101 114 195 191 60 167 66 158 71 35 168 21 42 3 152 89 121 107 199 149 16 188 140 161 113 118 10 185 189 187 122 180 120 153 147 75 17 132 54 83 96 55 141 4 177 194 160 85 22 88 163 7 139 173 79 196 165 31 30 142 110 169 15 104 100 143 127 14 36 47 156 129 68 
1570 | 157.535086 | 112 124 94 130 163 164 169 188 57 199 168 108 58 159 97 64 62 86 119 7 194 146 47 183 190 10 74 38 54 78 149 56 99 69 24 116 173 182 14 187 192 167 71 52 181 50 171 172 65 166 131 134 151 162 23 103 176 4 157 92 193 90 29 75 105 142 89 106 120 113 53 18 88 126 174 147 196 30 132 133 154 60 21 128 104 5 15 84 102 121 95 35 6 19 140 186 68 87 72 129 152 123 76 118 110 11 55 136 66 61 135 26 41 100 155 109 125 180 3 16 85 117 148 34 198 83 44 36 127 93 73 179 185 137 1 39 197 17 31 46 49 195 79 33 139 153 27 37 45 156 25 191 20 107 82 91 67 42 13 8 184 9 150 122 143 160 177 175 141 63 98 70 165 12 189 2 48 40 77 96 158 101 111 59 115 161 178 145 43 144 22 51 80 114 81 170 28 138 0 32 
1862 | 156.504986 | 191 80 169 192 18 39 47 73 117 127 46 199 122 64 197 123 61 71 160 118 99 25 81 60 66 109 159 45 139 119 94 121 30 34 120 42 37 185 130 125 57 198 170 161 74 116 164 12 196 8 33 54 87 58 65 79 129 28 93 97 96 147 9 38 143 104 163 10 146 85 44 188 182 158 23 32 102 56 89 106 156 173 181 157 36 111 11 67 112 126 114 190 184 145 176 52 171 29 53 59 78 21 14 26 174 91 90 95 69 137 98 5 186 7 1 2 40 165 172 4 154 27 17 144 88 105 68 107 149 6 15 110 70 100 0 51 194 19 76 50 155 134 24 133 131 101 63 140 132 113 31 55 168 180 175 72 141 136 115 48 152 166 178 77 142 92 83 75 148 193 103 16 177 135 62 167 13 138 84 124 20 187 43 189 41 151 183 22 3 82 150 128 108 86 195 179 49 162 153 35 
1870 | 153.052373 | 112 124 94 130 163 169 164 57 188 199 168 108 58 159 97 64 62 86 119 7 194 146 47 183 190 10 74 38 54 78 149 56 99 24 69 116 173 182 192 14 187 71 167 52 181 50 172 171 65 131 166 134 151 162 23 103 92 176 4 157 193 90 29 75 105 142 89 106 120 113 53 18 88 126 196 174 147 30 132 133 154 21 60 128 104 5 15 84 102 121 95 35 6 19 140 186 68 87 72 129 152 123 76 118 110 11 55 136 66 61 135 26 41 155 100 109 125 180 16 3 85 117 148 34 198 44 83 127 36 93 73 179 185 137 1 39 197 17 31 46 49 195 79 33 139 153 27 37 45 156 25 191 20 107 82 91 67 42 13 8 184 9 122 150 143 160 177 175 141 63 98 70 165 12 189 48 2 40 77 158 96 101 111 59 115 161 178 145 43 144 22 51 80 114 81 170 28 138 0 32 
4470 | 152.249937 | 112 94 124 130 163 169 164 57 188 199 168 108 58 97 159 64 62 86 119 7 194 146 47 183 190 10 74 38 78 54 149 56 99 24 69 116 182 187 192 173 14 71 52 167 181 172 50 171 65 131 166 134 151 162 23 103 92 176 4 193 157 90 29 75 105 142 89 106 120 113 53 18 88 126 174 196 147 132 30 133 154 21 60 128 104 5 15 84 121 102 95 35 19 6 140 186 68 87 129 72 123 152 76 118 110 11 55 136 66 61 135 26 41 155 100 109 125 180 16 117 85 3 34 148 198 44 36 83 93 127 73 179 185 137 1 39 17 197 31 46 49 79 195 33 139 27 153 37 45 156 107 191 25 20 82 67 91 42 13 8 184 122 9 150 143 177 160 175 141 63 98 70 165 12 48 189 2 158 40 77 96 101 111 115 59 161 178 145 144 43 22 51 80 114 81 170 28 0 138 32 
5370 | 151.036970 | 112 124 94 130 163 169 164 57 188 199 168 108 97 64 58 159 62 86 119 194 7 146 47 183 190 10 74 38 78 54 149 56 24 99 69 116 182 187 192 173 14 52 71 167 181 50 172 65 171 131 166 134 151 162 23 103 92 176 4 193 157 90 29 75 105 142 89 106 120 53 113 18 88 126 174 196 147 30 132 133 154 21 60 128 104 5 15 84 121 102 95 35 19 6 140 68 186 129 87 123 152 72 76 118 110 11 55 136 66 61 135 26 41 155 100 109 180 125 85 117 16 3 148 34 198 44 36 93 127 83 179 137 73 185 1 39 17 197 31 46 49 79 195 33 139 27 153 37 45 156 107 191 25 20 82 91 67 42 13 8 184 122 150 143 9 177 160 175 141 63 70 98 165 48 12 189 2 158 40 77 96 101 111 115 161 59 178 145 144 22 43 51 114 80 81 170 0 28 138 32 
5470 | 148.566862 | 112 124 94 130 163 164 188 169 57 199 168 108 97 64 58 159 62 86 119 194 7 47 146 183 190 10 38 78 74 54 56 99 149 24 69 116 187 182 192 14 173 52 71 167 181 172 50 65 171 131 134 151 166 162 23 103 92 176 4 193 90 157 29 75 105 142 89 106 120 53 113 18 88 126 196 174 30 147 132 133 154 21 128 60 104 5 15 84 121 102 95 35 19 6 140 68 186 129 87 123 152 72 76 118 55 11 110 136 66 61 135 26 41 155 100 109 180 125 85 117 16 148 3 34 44 198 36 93 127 83 137 185 179 73 1 17 39 197 31 49 46 79 195 33 139 27 153 37 45 156 107 191 20 25 82 91 67 42 13 8 184 122 150 143 9 177 175 160 141 63 70 98 165 48 12 189 2 158 40 77 96 101 111 115 161 59 178 145 144 43 22 51 114 81 80 170 0 28 138 32 
5496 | 146.549624 | 72 70 125 126 180 26 191 21 60 132 152 74 22 88 93 130 81 184 5 131 29 43 49 66 16 137 86 62 28 167 165 159 30 146 73 64 195 94 183 114 101 46 198 189 24 155 10 18 100 161 157 177 196 181 138 38 39 84 120 82 160 3 8 150 197 139 117 112 123 33 187 89 71 136 7 17 178 95 85 91 87 97 102 122 69 162 9 106 104 83 194 121 135 75 186 115 134 79 118 4 35 105 34 129 156 36 13 171 109 92 107 151 57 143 154 103 108 185 193 190 68 44 54 163 48 128 140 113 116 164 14 11 192 51 148 53 80 124 174 52 37 182 25 61 144 63 47 12 199 20 175 145 158 99 110 166 0 147 172 56 98 179 6 23 19 27 142 127 133 176 78 96 77 111 55 65 1 169 41 188 141 59 76 168 119 149 173 67 90 58 31 2 170 32 42 153 45 50 15 40 
6097 | 145.500555 | 183 198 38 81 162 65 94 82 87 27 1 24 90 93 117 73 192 126 29 34 8 123 39 53 74 106 128 78 99 103 98 28 170 19 136 56 146 95 125 12 193 108 115 23 124 119 105 135 70 97 164 58 52 40 157 145 33 50 171 166 86 138 59 92 181 182 174 51 197 63 43 155 41 176 175 69 133 116 179 20 190 77 49 184 151 61 148 44 67 6 172 112 137 150 57 134 62 0 154 48 45 9 13 26 178 25 76 130 131 109 72 37 159 32 80 91 18 2 64 102 46 11 5 186 144 111 195 84 114 101 191 167 60 66 71 158 35 42 21 168 152 121 3 89 107 199 16 149 161 140 113 188 10 185 189 187 118 122 120 180 153 147 83 75 132 54 17 96 141 55 177 4 160 194 22 88 85 163 139 7 173 79 165 196 31 30 142 169 15 110 104 100 127 143 47 36 14 156 68 129 
14163 | 142.780643 | 120 154 6 129 161 116 114 103 81 141 163 19 94 126 125 127 63 156 25 121 142 22 24 52 184 111 112 115 70 80 196 167 104 124 50 56 78 148 47 105 33 165 152 79 91 109 119 160 183 180 42 21 31 199 2 5 190 170 85 96 69 65 45 186 40 173 166 90 101 67 175 9 157 139 62 49 10 11 106 153 53 41 128 46 76 64 131 8 36 12 38 150 158 88 73 198 193 194 118 137 61 57 97 51 48 136 189 174 159 187 181 35 27 147 197 99 66 84 102 98 146 179 188 164 162 176 7 58 122 123 108 130 43 26 3 59 83 93 133 55 44 4 18 14 169 185 15 134 143 113 54 149 107 17 60 168 0 171 82 144 195 1 34 177 75 74 117 23 100 92 151 13 87 28 29 155 132 110 95 89 135 145 140 30 37 86 68 192 71 191 172 182 39 138 77 72 32 16 178 20 
16696 | 142.741459 | 72 70 125 126 180 26 191 21 60 152 132 22 74 93 130 81 88 184 5 131 29 43 49 66 137 16 165 86 62 28 167 30 159 73 146 64 195 183 114 94 101 46 189 198 24 155 10 18 100 177 161 157 196 181 138 38 39 84 120 160 82 3 8 197 150 117 139 112 123 187 33 89 71 136 7 17 178 91 95 85 87 102 97 122 162 9 69 104 106 83 135 194 121 75 186 115 134 118 79 4 35 105 129 34 13 156 36 171 109 92 107 151 57 108 143 154 103 193 185 190 68 54 44 163 48 128 140 113 116 164 14 11 192 51 148 53 80 174 124 37 52 182 25 61 63 144 47 12 199 175 20 158 145 110 99 166 147 0 172 56 98 179 6 23 19 27 142 127 133 176 78 96 111 55 77 65 1 41 169 59 188 168 141 149 76 119 67 58 90 31 173 2 170 32 42 45 153 50 40 15 
17127 | 142.617363 | 2 139 118 50 60 48 176 43 39 56 98 85 172 21 14 149 53 67 146 147 182 6 80 87 144 41 59 62 137 101 54 7 46 177 179 0 108 121 119 57 141 9 10 65 45 49 97 79 81 89 18 156 109 102 129 185 27 155 20 16 23 158 1 166 114 69 42 40 25 187 111 17 157 136 113 196 126 124 148 68 91 86 83 74 4 194 178 106 73 143 51 117 99 37 35 138 82 96 58 104 5 173 193 197 180 32 44 130 142 195 162 34 28 170 84 103 159 19 88 122 150 72 154 127 128 75 26 171 198 199 189 100 90 190 116 55 11 186 24 153 112 145 184 175 70 135 63 134 110 93 78 133 120 52 161 167 169 3 191 92 47 61 152 168 107 95 140 38 181 33 64 125 131 183 105 165 192 12 29 13 174 94 164 76 163 151 77 15 8 188 31 160 36 30 22 115 71 123 132 66 
18713 | 141.935864 | 165 52 136 72 162 161 141 142 53 44 34 189 62 166 156 65 194 103 76 68 23 152 88 73 39 183 177 29 168 30 55 112 49 134 83 115 8 175 192 160 130 159 46 11 102 121 77 10 178 149 114 96 195 41 196 184 14 16 155 4 85 171 199 181 66 86 193 98 105 90 125 20 79 82 64 56 106 35 42 40 163 7 138 154 148 129 127 100 110 186 15 180 190 111 117 91 51 59 5 167 176 18 63 70 67 128 157 17 24 131 174 1 179 153 48 188 38 21 33 57 45 89 109 107 182 185 197 120 81 104 143 84 124 19 26 198 9 36 74 60 94 3 32 71 37 58 158 25 169 170 54 80 99 95 191 172 133 0 47 147 173 31 93 97 119 137 145 150 92 13 28 135 75 139 118 146 164 6 27 22 43 50 144 69 140 87 101 122 126 151 113 61 78 108 187 2 123 116 132 12 
19279 | 141.862327 | 38 149 26 3 165 118 166 68 69 172 19 13 88 56 134 142 159 140 75 71 21 176 83 184 78 105 59 190 12 28 152 141 147 136 37 45 86 53 44 23 144 35 119 99 120 57 133 30 25 54 32 151 121 197 163 14 79 65 49 47 90 107 2 17 80 81 126 124 115 29 40 41 85 66 185 18 139 70 128 130 168 95 63 193 186 161 167 106 182 175 181 192 125 36 101 96 31 156 157 187 51 145 180 179 195 198 15 177 113 103 97 132 131 89 58 143 61 171 6 39 42 164 150 154 104 112 62 155 64 16 24 5 102 123 169 196 173 7 199 194 162 110 33 0 55 91 92 87 122 46 50 43 108 109 48 189 160 100 82 137 73 178 72 22 10 67 111 20 8 148 52 60 94 98 117 146 116 77 129 170 183 4 9 188 191 11 84 158 74 76 174 27 1 135 127 138 34 153 93 114 
19763 | 141.057089 | 120 154 6 129 161 116 114 103 81 141 163 19 94 126 127 125 156 63 25 121 142 22 24 184 52 111 112 70 115 80 196 167 104 124 50 56 148 78 47 105 33 165 152 79 91 119 109 160 183 180 42 31 21 199 2 190 170 5 85 96 69 65 45 40 186 173 166 90 67 101 9 175 157 139 49 62 10 11 106 153 41 53 128 46 76 64 131 8 36 12 38 150 158 88 73 193 198 194 118 137 61 57 97 51 48 136 189 174 187 159 35 181 27 147 66 197 99 84 102 98 146 179 188 164 176 162 7 58 122 123 108 130 43 26 3 59 93 83 133 55 44 4 18 14 169 185 15 134 143 113 54 149 107 17 60 168 0 171 82 144 195 1 34 177 75 74 117 23 100 92 151 87 13 28 29 132 155 110 95 89 135 145 140 30 37 86 71 68 192 191 172 182 39 138 77 72 32 178 16 20 
22426 | 140.773078 | 198 74 161 180 48 78 98 118 137 12 150 127 83 105 126 92 90 120 66 112 49 176 18 140 7 27 20 188 199 193 63 47 196 197 77 70 42 175 14 169 144 134 102 81 157 142 122 75 13 1 82 111 182 58 76 129 124 61 36 178 22 85 91 149 4 24 147 96 156 155 5 191 172 41 52 40 190 25 170 72 146 69 97 184 187 159 57 100 59 50 38 73 33 153 31 32 37 28 143 123 125 131 148 56 152 108 114 115 101 164 106 23 39 46 95 87 189 133 151 65 138 186 194 174 0 54 34 139 43 113 99 11 64 86 103 51 167 9 162 163 53 117 15 181 60 67 130 109 107 2 160 154 173 183 68 80 192 94 110 89 21 35 165 6 10 136 30 93 45 158 116 79 128 44 17 19 195 171 145 135 62 71 179 185 16 177 3 141 55 121 168 132 104 88 119 84 29 26 166 8 
23113 | 139.138156 | 165 52 72 136 161 162 141 142 53 34 44 189 62 166 156 65 194 103 76 68 23 152 88 73 39 183 177 29 168 30 55 112 49 134 83 115 175 8 192 160 130 159 11 46 102 121 77 178 10 149 114 96 195 41 196 184 14 16 4 155 85 171 199 181 66 193 86 98 105 20 125 90 79 82 106 64 56 35 42 40 163 7 138 148 154 129 100 110 127 186 15 180 190 111 117 91 51 59 5 167 176 18 63 70 67 128 24 17 157 131 174 1 179 153 48 188 38 21 33 57 45 89 109 107 182 185 197 120 81 104 143 84 124 19 26 9 198 36 74 60 94 3 32 71 58 37 158 25 169 170 54 80 99 95 191 172 133 0 47 147 31 173 93 97 119 137 145 150 13 92 28 135 75 118 139 164 146 6 27 22 43 144 50 69 140 87 101 122 126 113 78 151 61 108 187 2 123 132 116 12 
28995 | 137.853167 | 10 163 173 72 95 101 55 58 147 187 24 28 171 195 94 60 61 71 148 27 188 65 77 73 184 23 156 1 162 90 75 153 183 186 160 140 155 154 46 191 118 131 111 126 137 93 108 78 92 18 20 36 54 41 181 193 178 98 128 116 165 32 159 64 96 21 0 26 13 167 146 129 132 197 139 70 109 127 44 177 25 135 51 66 52 100 88 144 169 53 106 123 112 136 125 172 34 190 38 16 192 180 164 103 117 8 15 176 22 199 175 49 150 142 121 11 62 174 182 114 99 82 110 134 143 85 124 84 3 37 6 4 115 179 19 196 194 9 152 67 68 79 76 113 149 86 33 166 42 63 119 104 45 2 145 40 157 151 107 102 81 74 138 30 89 83 170 31 35 122 158 12 5 168 14 97 130 59 198 57 50 69 91 39 43 56 141 161 105 87 17 189 7 29 133 47 120 48 80 185 
30313 | 136.967285 | 165 52 136 72 141 162 161 142 53 34 44 189 62 166 156 65 194 103 76 68 23 152 88 73 39 183 177 29 168 30 55 112 49 134 83 115 175 8 192 159 160 130 11 46 102 121 77 178 10 149 114 96 41 195 184 196 4 14 16 155 85 171 181 199 66 193 98 86 105 125 20 90 79 106 82 64 56 35 42 40 163 7 138 148 154 129 100 110 127 186 15 190 180 111 117 91 51 59 167 5 176 63 18 70 128 67 24 17 157 131 174 1 179 153 48 188 38 21 33 57 45 89 109 107 185 182 197 120 81 104 143 84 124 26 19 9 198 94 74 60 36 3 32 71 58 37 158 25 169 170 54 80 99 95 191 172 133 0 47 147 31 173 93 97 119 137 145 150 13 28 92 135 75 118 139 164 146 6 27 22 43 144 50 140 69 87 122 126 101 113 78 151 61 187 108 2 123 116 132 12 
36313 | 136.127513 | 165 52 136 72 141 162 161 142 53 34 44 62 189 166 156 65 194 103 76 68 23 152 73 88 39 183 177 29 168 30 55 112 49 134 83 115 175 192 8 159 160 130 46 11 102 121 77 178 10 149 114 96 41 195 4 196 14 184 16 155 85 171 181 66 193 199 98 105 86 125 20 79 90 82 106 64 56 35 42 40 163 7 138 148 154 129 100 110 127 186 190 15 180 111 117 91 51 59 167 5 176 63 18 70 128 24 17 67 157 131 174 1 179 153 48 188 38 21 57 33 45 89 109 107 185 182 197 120 81 104 143 84 124 26 19 9 198 94 74 60 36 32 3 58 71 37 158 25 169 170 54 95 80 99 191 172 0 133 47 147 173 31 93 97 119 137 145 150 13 28 92 135 75 118 139 146 164 6 27 22 144 43 50 140 69 87 122 126 101 113 78 151 187 61 108 2 123 116 132 12 
37195 | 134.535572 | 163 10 173 72 101 95 55 58 147 187 24 28 171 195 94 60 71 61 148 27 188 65 77 73 184 23 156 1 162 153 75 90 183 186 160 155 140 154 191 46 131 118 111 126 137 93 108 78 92 18 20 36 54 41 193 181 178 128 98 116 165 32 159 64 96 21 0 13 26 167 146 129 132 197 139 70 109 127 44 177 135 25 51 52 66 100 88 144 53 169 106 112 123 136 125 172 34 190 38 16 180 192 164 103 117 8 15 176 22 199 175 49 150 142 121 11 174 182 62 99 114 82 134 110 143 85 124 84 6 37 3 4 115 179 19 196 194 152 9 67 68 79 76 113 86 149 166 33 42 63 119 104 45 2 145 40 157 151 107 102 81 74 30 138 89 83 31 170 35 122 158 12 5 168 14 97 130 59 198 57 50 69 91 39 43 141 56 161 87 105 189 17 7 29 133 120 47 48 185 80 
52995 | 134.101375 | 163 10 173 72 101 95 55 58 147 187 24 28 171 195 94 60 71 61 148 27 188 65 73 77 184 23 156 1 162 75 90 153 183 186 160 155 140 154 191 46 131 118 111 126 137 93 108 78 92 18 20 36 54 41 193 181 178 98 128 116 165 32 159 64 96 21 0 13 26 167 146 129 132 197 139 70 109 44 127 135 177 25 52 51 66 100 88 144 53 169 106 112 136 123 125 172 34 190 38 16 180 192 164 103 117 15 8 176 22 199 175 150 142 49 121 11 174 182 62 99 114 82 134 110 85 143 124 84 37 6 3 4 115 179 19 196 194 152 9 67 68 79 76 113 86 149 166 42 33 63 119 104 2 45 145 40 157 151 107 81 102 74 30 89 83 138 31 170 35 122 158 12 5 168 14 97 130 59 198 57 50 69 91 39 43 141 56 161 87 105 189 17 7 29 120 133 47 48 185 80 
79595 | 132.982500 | 163 10 173 72 101 95 58 55 147 187 24 28 195 171 94 60 71 61 148 27 188 65 73 77 184 23 156 1 162 75 90 153 183 186 160 155 154 140 191 46 131 118 111 126 137 93 108 78 92 18 20 36 54 193 41 181 178 98 128 116 165 32 159 64 96 21 0 26 13 167 146 132 129 197 139 70 109 127 135 44 25 177 52 51 66 100 88 144 53 169 106 112 136 123 125 172 190 34 38 16 180 192 164 103 117 15 8 176 22 175 199 150 142 49 121 11 174 182 62 99 114 82 110 134 85 143 84 124 37 6 3 4 115 179 19 196 194 9 152 67 68 79 76 113 86 149 166 42 33 63 104 119 2 45 145 40 157 151 107 81 102 74 89 30 83 138 31 35 170 122 158 12 5 168 14 97 130 59 198 57 50 69 91 39 43 56 141 161 87 105 189 17 29 7 133 120 47 48 185 80 
100824 | 130.324545 | 77 53 161 166 140 110 124 134 102 5 177 39 64 97 99 70 74 167 154 172 17 185 160 138 136 60 55 169 24 0 104 132 30 9 175 45 79 188 15 68 103 162 35 28 34 44 65 48 182 173 118 146 58 71 120 141 54 89 143 76 116 101 92 179 62 56 114 94 107 100 126 187 192 180 174 40 50 95 67 130 3 29 197 152 176 8 183 191 199 133 73 83 78 111 142 41 32 190 125 90 18 4 36 25 147 137 129 91 66 196 168 88 112 163 165 186 19 52 195 14 38 105 119 108 149 139 151 153 150 63 170 23 31 156 6 115 75 27 47 22 181 16 144 69 113 106 155 11 12 184 2 1 158 122 123 26 93 117 61 159 84 81 171 20 10 128 178 37 51 86 148 49 46 157 164 57 33 87 96 127 59 13 198 189 193 194 42 145 135 85 72 80 121 7 21 98 109 43 82 131 
118430 | 130.233001 | 169 114 58 69 78 76 95 106 85 81 21 181 8 14 154 54 98 116 39 11 176 5 67 96 115 40 188 171 180 18 178 75 118 138 113 105 133 79 29 183 28 22 177 63 150 155 47 52 53 161 182 187 89 145 86 136 92 159 68 162 131 50 189 151 62 49 120 83 107 61 12 34 149 97 117 111 51 2 163 10 3 195 140 71 42 43 168 173 172 25 192 26 123 91 73 80 125 44 65 17 13 38 175 102 165 27 147 24 23 127 60 59 193 166 4 191 48 158 46 196 103 144 56 185 9 7 104 129 108 132 160 141 197 170 179 32 146 126 121 94 110 15 194 1 16 74 134 57 128 41 0 45 33 174 164 119 190 55 152 101 124 70 148 167 35 72 77 88 122 100 30 184 19 198 137 143 37 31 36 157 109 84 156 199 186 135 87 90 64 112 93 82 99 66 130 142 6 153 20 139 
119448 | 130.191901 | 0 135 93 145 54 125 99 129 124 72 68 155 14 5 184 172 35 48 153 133 10 132 154 56 188 49 141 146 177 76 109 95 52 130 126 82 97 78 152 193 7 197 8 44 131 161 92 115 11 19 32 40 128 80 88 70 24 66 138 142 65 83 101 81 91 123 178 119 71 166 189 187 31 117 50 46 170 43 190 21 26 62 160 58 89 192 87 84 90 158 114 105 122 38 186 1 15 64 157 106 103 53 162 16 164 28 181 27 139 73 98 79 75 116 147 165 180 86 110 102 104 183 18 182 94 47 156 173 2 136 137 25 191 176 41 22 34 179 30 17 60 118 69 140 143 6 171 144 61 85 20 194 134 23 175 4 159 37 55 67 163 51 57 63 100 77 107 113 36 29 198 13 149 9 45 33 3 185 12 74 121 96 39 167 148 127 120 169 42 199 195 196 174 112 108 150 151 59 111 168 
119548 | 129.778045 | 0 135 93 145 54 125 124 99 129 68 72 155 14 5 184 172 35 48 153 133 10 132 154 56 188 49 141 146 177 76 95 109 52 130 126 82 97 78 152 193 197 7 8 44 161 131 92 115 11 19 32 40 128 80 88 70 24 66 138 142 65 101 83 81 91 123 178 119 71 166 189 187 31 117 46 50 170 43 190 21 26 62 160 58 89 192 87 84 90 158 114 105 122 38 186 1 15 64 157 106 103 162 53 164 16 27 181 28 139 73 98 79 116 75 147 165 180 86 110 102 104 183 182 18 94 47 156 173 2 136 137 25 191 176 41 22 34 30 179 17 60 118 69 140 143 6 171 144 61 85 20 194 134 23 175 4 159 37 67 55 163 51 57 63 100 77 107 113 36 29 198 13 149 9 45 33 185 3 12 74 121 96 39 167 148 127 169 120 42 195 199 196 174 112 108 150 151 59 111 168 
121730 | 124.514850 | 169 58 114 69 78 76 95 106 85 81 21 181 8 14 154 54 98 116 39 11 176 5 67 96 115 40 188 171 180 18 178 75 118 138 113 105 79 133 183 29 28 22 177 63 150 155 47 52 53 161 182 187 89 145 86 136 92 68 159 162 131 50 189 151 49 62 83 120 107 61 12 34 149 97 117 111 51 163 2 10 3 195 140 71 42 168 43 173 172 25 192 26 123 91 73 80 125 65 44 17 13 175 102 38 165 27 147 24 127 23 60 59 193 166 4 191 48 158 46 196 103 144 56 185 9 7 129 104 108 132 160 141 197 170 179 32 146 126 94 121 110 15 194 1 16 74 134 57 128 41 0 45 33 174 164 190 119 55 152 101 124 148 70 167 35 88 77 72 122 100 30 184 19 198 137 143 37 31 36 157 109 84 186 199 156 135 64 87 90 112 93 82 99 66 130 6 142 153 20 139 
136030 | 123.848834 | 169 58 69 114 76 78 95 106 85 81 21 8 181 14 54 154 98 39 116 11 176 5 67 115 96 40 188 171 180 18 178 75 138 118 113 79 105 133 183 29 28 22 177 63 150 155 47 52 53 161 182 187 89 145 86 136 92 68 159 162 131 50 189 151 49 62 83 107 61 120 34 12 149 117 97 111 51 163 2 10 3 195 71 140 42 43 168 173 172 25 26 192 123 91 80 73 125 65 44 17 175 13 38 102 165 27 147 24 23 127 60 59 193 166 4 191 48 158 46 196 103 144 56 185 9 7 129 104 108 132 160 197 141 179 170 32 146 94 126 110 121 15 1 194 16 134 74 128 57 41 0 45 33 174 164 190 119 55 152 101 124 70 148 167 35 88 77 72 100 122 30 184 198 19 137 143 37 36 31 157 109 84 186 199 156 135 64 87 93 112 90 82 99 66 130 6 153 142 20 139 
195630 | 123.313173 | 169 58 69 114 76 78 106 95 85 81 21 8 181 14 54 154 98 39 116 11 176 5 67 115 96 40 188 180 171 18 178 75 138 118 79 113 105 133 183 28 22 29 177 63 155 150 47 52 53 161 182 187 145 89 86 92 68 136 159 162 131 50 151 189 49 62 83 107 61 120 34 12 149 117 97 111 51 163 3 2 10 195 71 140 42 168 43 173 172 26 25 192 91 123 80 125 73 65 44 17 175 13 38 102 165 27 147 24 23 60 127 59 193 166 4 191 48 158 46 196 103 144 56 185 9 7 129 104 108 132 160 197 141 179 170 32 94 146 126 110 121 15 194 1 16 134 74 128 57 41 45 0 174 33 164 190 119 55 152 101 124 70 148 167 35 77 88 100 72 122 30 198 184 19 143 137 37 36 31 157 109 84 199 186 156 87 64 135 90 112 93 82 99 130 66 6 153 142 20 139 
211130 | 121.195012 | 169 69 58 114 76 78 106 85 95 81 21 8 181 14 54 154 39 116 98 11 176 5 67 115 96 40 180 188 18 178 171 118 75 138 79 105 113 133 183 29 28 22 177 63 155 150 47 52 53 161 182 187 145 89 86 92 68 159 136 162 131 50 151 49 189 62 83 107 120 61 34 12 149 97 117 111 51 163 3 2 10 195 42 140 71 168 43 173 172 26 25 192 91 123 80 125 73 65 44 17 175 13 102 38 165 27 147 24 23 60 59 127 193 166 4 191 48 158 46 144 103 196 56 185 9 7 129 108 104 132 160 141 197 179 170 32 94 146 126 110 121 15 1 194 16 134 128 74 57 41 45 0 174 33 164 190 119 55 152 101 124 70 35 148 167 77 88 100 72 122 30 198 184 19 143 137 37 36 31 157 109 84 199 186 156 87 135 90 64 112 93 99 82 130 66 153 6 142 139 20 
245930 | 120.184562 | 169 69 58 114 76 78 106 85 81 95 21 181 8 14 154 54 39 116 98 5 176 11 67 115 96 40 180 188 18 178 171 118 75 138 79 113 105 133 183 29 28 177 22 63 155 150 47 52 53 187 161 182 145 89 86 92 68 159 162 136 131 50 151 49 189 62 83 107 120 61 12 34 149 117 97 111 51 163 3 2 195 10 42 140 71 43 168 173 172 26 25 192 91 123 80 125 73 65 44 17 13 175 102 38 27 147 165 23 24 60 59 127 166 193 4 191 48 158 46 144 103 196 56 185 9 7 129 108 104 132 160 141 197 179 170 32 94 146 126 110 121 15 1 194 16 128 134 74 57 0 41 45 33 174 164 190 119 55 152 124 101 70 35 148 167 77 88 100 72 122 30 198 184 137 19 143 37 31 36 157 84 109 199 186 156 90 87 135 64 112 93 99 82 130 66 6 153 142 139 20 
461475 | 118.765160 | 9 18 184 128 141 76 67 147 49 22 171 155 173 165 178 195 113 103 134 65 150 51 175 189 188 169 151 75 94 89 101 108 104 157 121 66 170 35 102 114 68 0 55 190 194 20 181 98 71 96 97 109 62 23 46 177 166 180 25 11 172 12 13 16 163 52 117 50 130 27 34 148 32 149 160 4 8 26 33 120 116 146 137 39 158 41 40 63 38 58 106 95 86 17 187 198 28 7 174 36 37 183 60 138 80 136 100 90 57 143 152 119 29 64 140 156 154 84 85 10 196 185 61 145 69 123 45 21 47 93 105 99 135 5 81 127 70 126 79 56 142 42 159 133 54 186 1 199 2 43 24 162 164 118 124 87 129 139 91 19 191 192 83 72 73 59 144 111 168 182 44 161 193 6 131 82 122 53 15 31 197 30 48 153 78 125 77 92 176 3 88 110 112 115 107 132 14 179 74 167 
464775 | 118.707209 | 9 18 184 128 141 76 67 147 49 22 171 155 173 165 178 195 113 103 134 65 150 51 175 169 188 189 151 75 94 89 101 108 104 121 157 66 170 35 102 114 0 68 55 190 194 20 181 98 71 96 97 62 109 23 177 46 166 25 180 11 172 12 13 16 163 52 117 50 130 27 34 148 149 4 32 160 8 26 33 116 120 146 137 39 158 41 40 63 58 38 106 86 95 17 187 198 28 7 174 36 37 183 60 138 136 80 100 90 143 57 152 119 29 64 140 156 154 85 84 10 196 185 145 61 69 123 45 47 21 93 99 105 135 5 81 127 70 79 126 56 142 159 54 42 133 186 1 199 2 43 24 162 164 124 118 87 129 139 91 19 191 192 83 72 73 59 144 111 168 44 182 161 193 6 131 82 122 53 15 197 31 30 48 153 78 125 77 92 176 3 88 110 112 115 107 132 14 74 179 167 
486970 | 117.359406 | 112 94 124 130 57 163 164 188 168 169 199 108 97 159 64 62 119 86 146 58 7 194 183 190 10 38 47 74 78 99 54 149 69 56 24 192 116 14 187 182 173 71 167 52 65 181 171 172 151 50 131 134 166 162 92 103 23 29 176 4 193 157 90 106 89 75 113 105 53 142 126 120 132 133 88 147 174 196 18 30 154 21 104 128 60 5 15 84 95 121 102 19 6 186 35 152 140 123 11 68 129 72 76 66 136 118 110 87 135 155 55 61 26 41 180 125 100 109 85 117 148 44 34 16 185 3 198 137 36 127 83 93 73 179 1 17 39 197 46 79 49 33 31 195 27 139 153 45 156 37 25 191 20 42 67 82 107 91 13 9 184 8 143 177 175 122 63 150 141 98 70 160 189 165 48 158 2 12 40 96 77 101 115 111 43 161 178 59 145 144 51 81 170 28 22 114 80 138 32 0 
517875 | 115.128911 | 18 184 9 128 141 67 76 147 49 22 171 173 155 165 178 195 113 134 103 65 150 51 175 169 189 188 151 94 89 75 101 104 108 121 157 66 170 35 102 114 0 68 55 194 190 20 181 98 71 96 97 62 109 23 177 46 166 25 180 11 172 12 13 16 163 52 117 50 130 34 27 148 149 32 4 8 26 160 33 116 120 146 39 137 41 158 63 40 38 58 106 95 86 17 187 198 28 7 37 174 183 36 138 60 136 80 100 57 143 90 119 152 29 64 156 154 140 84 85 10 196 185 61 145 45 69 123 47 21 93 99 105 135 5 81 127 70 79 126 56 142 159 54 42 133 186 1 2 199 24 164 162 43 118 124 87 139 129 91 191 192 19 83 72 59 73 111 144 168 44 161 182 193 6 131 82 122 53 15 197 31 30 48 153 125 78 92 77 3 176 88 110 112 115 107 74 132 14 179 167 
534375 | 114.907132 | 18 184 9 128 76 141 67 147 49 171 22 173 155 165 178 195 113 134 65 103 51 150 169 175 188 189 151 94 89 101 75 104 108 121 157 66 170 35 102 114 68 0 55 194 190 20 181 98 71 96 97 62 109 23 177 46 166 25 11 180 172 12 13 52 16 163 50 117 130 34 27 149 148 32 4 8 26 160 33 116 120 146 137 39 41 158 63 40 38 58 106 95 86 17 187 198 28 7 37 174 183 36 138 60 136 80 100 143 57 90 119 64 152 29 156 154 84 140 85 10 196 185 61 145 69 123 45 21 47 93 99 105 135 5 81 127 79 70 126 56 142 54 159 42 133 186 1 2 199 24 162 164 43 118 124 87 139 129 91 191 192 19 72 83 59 111 73 144 168 44 161 193 182 6 131 82 122 53 15 31 197 30 48 153 125 78 92 77 3 176 88 110 115 112 107 74 132 14 179 167 
597175 | 113.628029 | 18 184 9 141 76 128 147 67 49 171 22 173 155 165 195 178 113 134 103 65 51 150 169 175 189 188 151 94 89 101 75 104 108 121 66 157 170 35 102 114 68 0 55 194 190 20 181 71 98 96 97 62 109 23 177 25 166 46 11 180 172 12 13 16 52 50 163 117 130 34 27 149 148 32 4 8 26 160 33 116 146 120 39 137 41 158 40 63 38 58 106 95 86 187 17 198 28 7 37 174 183 36 60 138 136 80 100 143 57 90 119 64 152 29 156 154 84 140 85 10 196 185 145 123 61 69 45 47 21 93 99 105 135 5 81 127 79 70 126 56 142 54 159 42 133 186 1 199 2 162 24 164 43 118 87 124 139 129 91 191 192 19 72 83 59 111 73 144 44 168 161 193 6 182 131 82 122 53 15 197 31 30 48 153 125 78 92 77 3 176 88 115 110 112 107 74 132 14 167 179 
622675 | 111.672065 | 184 18 9 141 128 147 49 76 67 171 22 173 155 165 195 178 113 103 134 65 150 51 169 189 175 188 151 94 89 101 75 104 121 108 66 170 157 35 68 102 114 0 55 194 20 190 181 98 71 96 97 109 62 23 25 177 46 166 11 180 12 16 172 13 52 50 163 117 130 34 27 149 148 32 4 8 26 160 33 116 120 146 39 137 41 158 40 63 38 58 106 95 86 187 17 198 28 7 37 174 183 36 60 138 136 80 100 143 57 90 119 64 152 29 156 154 84 85 140 10 196 185 145 123 61 69 45 47 21 93 99 105 135 5 127 81 79 70 126 56 142 54 159 42 133 186 1 199 2 162 24 164 43 118 87 124 139 129 91 191 192 19 72 83 59 144 73 111 44 168 161 193 6 182 131 122 82 53 15 197 31 30 48 153 125 78 92 77 3 176 88 115 110 112 107 74 132 14 167 179 
635175 | 110.974929 | 184 18 9 141 128 147 49 67 76 171 22 155 173 165 178 195 113 103 65 134 150 51 169 189 175 188 151 94 89 101 104 75 121 108 66 170 157 35 114 68 102 55 0 194 20 190 181 98 96 71 97 109 62 23 25 177 166 46 11 12 180 16 13 172 52 50 163 117 27 34 130 149 148 32 8 4 26 160 33 116 120 39 146 137 41 158 40 63 38 58 106 95 86 187 17 198 28 7 37 174 183 36 60 138 100 80 136 143 57 90 119 64 152 29 156 154 84 85 140 10 196 185 145 123 61 69 45 47 21 93 99 105 135 127 5 81 79 70 126 56 142 54 159 42 133 186 1 199 24 2 162 43 164 87 118 124 129 139 91 191 192 19 72 83 144 59 73 111 44 168 161 193 6 182 131 122 82 53 197 15 31 30 48 153 125 92 77 78 176 3 88 115 110 112 107 74 132 167 14 179 
850475 | 110.347476 | 184 18 9 141 128 49 147 67 76 171 22 155 173 165 178 195 113 103 65 134 150 51 169 189 175 188 151 94 89 101 104 75 121 108 66 170 157 35 114 102 68 55 0 20 194 190 181 98 96 71 97 109 62 25 23 177 166 46 11 12 180 16 13 172 52 50 163 117 27 34 130 149 148 32 8 4 26 160 33 116 120 39 146 137 158 41 63 40 38 58 106 86 95 187 17 28 198 7 37 174 183 36 60 138 80 100 136 143 90 57 119 64 152 156 29 154 84 85 140 10 196 185 145 123 61 69 45 47 21 93 99 105 135 127 5 81 79 126 70 142 56 54 159 42 133 186 199 1 24 2 162 43 164 87 118 124 129 139 91 191 192 19 72 83 144 59 73 111 44 168 161 193 6 182 131 122 82 53 197 15 30 31 48 153 125 77 92 78 176 3 88 115 112 110 107 74 132 167 14 179 
904875 | 110.167545 | 184 18 9 128 141 49 147 67 76 171 22 155 178 165 173 195 113 103 65 134 51 150 169 189 175 188 151 94 89 104 101 75 121 108 66 170 157 35 114 102 68 55 0 20 190 194 181 98 96 97 109 71 62 25 23 166 177 46 11 12 180 16 13 172 52 50 163 117 34 27 130 149 148 32 4 8 160 33 26 116 120 39 146 137 158 63 40 41 38 58 106 86 95 187 17 28 198 7 183 37 174 36 60 138 80 100 136 143 90 119 57 64 152 156 29 154 84 85 140 10 196 185 123 145 61 45 69 47 21 93 99 105 135 127 5 81 79 126 70 142 54 56 159 42 133 186 199 2 1 24 43 164 162 87 118 124 129 91 139 191 192 19 72 83 144 59 73 111 44 161 168 193 6 182 131 122 82 53 197 15 30 31 48 153 125 92 77 78 176 3 115 88 112 110 107 74 167 132 14 179 
1665375 | 109.791449 | 184 18 9 128 141 49 147 67 76 171 22 178 155 165 173 195 113 103 134 65 51 150 169 175 189 188 151 94 104 89 101 75 121 108 66 170 157 35 114 102 68 0 55 20 190 194 181 98 96 97 109 71 62 25 23 166 177 46 11 12 180 16 13 172 52 50 163 117 34 27 130 149 148 32 4 8 160 33 26 116 120 39 146 137 158 63 40 41 38 58 106 86 95 187 17 28 198 7 183 37 174 36 60 138 80 100 143 136 90 119 57 64 152 156 29 154 84 85 140 10 196 185 123 145 61 45 69 21 47 105 93 99 135 127 5 81 79 126 142 70 54 159 56 42 133 186 199 2 1 24 43 164 162 87 118 124 129 91 139 191 192 19 83 59 144 72 73 111 44 161 168 193 6 182 131 122 82 53 197 15 30 31 153 48 125 77 92 78 176 3 115 88 112 110 107 74 132 167 14 179 
1829675 | 108.181498 | 184 18 9 128 141 49 147 67 76 171 22 178 155 165 195 173 113 103 65 134 150 51 169 175 189 188 151 94 89 104 101 75 121 108 66 170 157 35 114 102 68 55 0 20 181 194 190 98 96 97 109 71 62 25 23 166 177 46 11 12 180 16 13 172 52 50 163 34 117 27 130 149 148 32 4 8 160 33 26 116 120 39 146 137 63 158 40 41 38 58 86 106 95 17 187 198 28 7 37 183 174 36 138 60 143 80 100 90 119 136 57 64 152 156 29 154 84 85 140 10 196 185 123 145 45 61 69 21 47 105 99 93 135 127 5 81 126 79 142 70 54 159 56 42 133 199 186 2 1 24 43 164 162 87 118 124 129 139 91 191 192 19 83 59 144 72 73 111 44 161 168 193 6 182 131 122 82 53 197 15 30 31 125 48 153 77 92 78 176 3 115 88 112 110 107 74 132 167 14 179 
1878575 | 107.463942 | 184 9 18 128 141 49 147 67 76 171 22 178 155 165 173 195 103 113 134 65 150 51 169 175 189 188 151 94 89 101 104 75 108 121 66 170 157 35 114 102 68 55 0 20 181 194 190 98 96 97 109 71 62 25 23 166 177 11 46 12 180 13 16 172 52 50 163 34 117 27 130 149 148 32 4 8 160 33 26 116 120 39 146 63 137 158 40 41 38 58 86 106 95 17 187 198 28 7 174 183 37 36 60 138 143 100 80 119 90 136 57 152 64 156 29 154 85 84 140 10 196 185 123 145 45 69 61 21 47 105 99 93 135 5 127 81 126 79 70 142 54 159 56 42 133 199 186 2 1 24 43 164 162 87 118 124 129 139 91 192 191 19 83 59 144 72 73 111 44 161 168 193 6 182 131 122 82 53 197 15 30 31 125 48 153 92 77 78 176 3 115 88 112 110 107 74 132 167 14 179 
2646075 | 106.088010 | 9 184 18 128 141 49 147 67 76 171 22 178 165 155 173 195 113 103 134 65 150 51 169 175 189 188 151 94 89 101 104 75 121 108 66 170 157 35 68 114 102 55 0 20 181 194 190 98 96 97 109 71 62 25 23 166 177 11 46 12 13 180 172 16 52 50 163 34 27 117 130 149 148 32 4 8 160 33 26 116 120 39 146 63 137 158 40 41 38 58 86 106 95 17 198 187 28 7 174 183 36 37 60 138 143 100 80 119 90 136 57 152 64 156 29 154 85 84 140 10 196 185 123 145 45 69 61 21 47 105 99 93 5 135 127 81 126 79 70 142 159 54 56 42 133 199 186 2 1 164 24 43 162 87 118 124 129 91 139 192 191 19 59 144 83 72 73 111 44 161 168 193 6 182 131 122 82 53 197 30 15 31 125 48 153 92 77 78 176 3 115 88 112 107 110 74 132 167 14 179 
