DataSet:	circ200
RunTime:	2022-5-31 13:49:20
Method:	GeneticAlg2
Params:	P:500 E:300000 SR:0.500000
DataPath:	../../resources/datasets/circ200.txt

################################################################################

500 | 161.875370 | 136 37 27 188 103 52 173 159 59 35 185 100 166 119 125 44 142 187 38 197 15 30 82 57 76 66 102 130 7 108 87 48 67 2 23 25 10 117 80 195 36 176 151 186 29 143 144 107 6 193 163 194 156 86 94 63 69 20 22 32 165 81 11 131 191 181 1 73 62 31 198 50 51 175 17 157 112 147 172 13 123 174 42 192 18 158 164 8 101 19 161 49 28 0 89 78 3 41 70 68 132 115 118 84 96 199 26 148 146 150 124 72 167 179 4 120 155 190 12 75 135 106 133 110 154 152 139 61 56 113 109 24 40 97 45 105 14 177 126 54 58 79 77 91 184 33 141 64 65 153 196 53 116 71 183 171 111 180 145 128 83 85 43 162 129 95 127 134 99 104 168 178 121 74 160 47 138 140 93 39 55 137 122 98 90 46 9 5 16 149 169 170 114 34 92 88 21 60 189 182 
1500 | 161.025248 | 188 152 46 44 102 120 84 123 58 41 153 184 20 134 97 176 62 137 91 89 141 8 15 183 103 98 190 157 29 148 119 100 49 77 80 131 147 27 81 69 118 94 115 93 37 60 129 169 2 185 189 96 59 168 170 144 17 194 142 187 18 42 182 5 195 1 175 31 73 99 95 74 79 61 191 117 75 149 160 192 101 109 173 159 68 179 45 16 107 22 128 13 32 57 171 161 158 30 151 140 106 72 86 67 65 116 135 12 54 70 83 143 7 24 47 78 186 177 51 110 164 199 125 55 104 35 132 40 126 34 166 146 66 130 63 138 193 52 145 136 43 121 127 174 3 155 156 38 165 163 11 167 56 122 76 53 50 90 108 39 92 23 124 105 19 88 26 181 197 9 150 64 82 71 6 139 133 154 14 172 48 28 180 33 112 87 36 21 111 196 113 25 198 178 162 0 85 4 114 10 
2000 | 156.929539 | 188 152 56 102 120 13 31 123 59 62 153 184 21 134 97 81 176 64 42 137 91 89 141 23 29 38 183 103 98 28 190 157 58 65 148 119 100 48 52 131 147 47 9 55 118 94 115 11 93 82 72 129 169 2 68 185 189 43 96 168 30 170 144 22 24 194 142 63 187 20 182 16 5 45 195 44 1 175 99 95 50 74 79 191 117 149 160 192 19 101 109 173 159 78 60 179 35 107 128 54 171 161 25 158 7 34 151 140 106 67 26 86 116 53 135 70 143 46 39 36 186 177 14 110 73 164 199 125 104 132 126 166 146 130 138 51 193 33 61 145 69 84 136 18 121 127 174 3 155 156 40 165 15 163 167 75 122 90 57 108 92 8 124 105 12 71 88 181 197 150 41 6 85 139 133 154 172 77 180 10 27 112 87 49 83 111 76 196 113 66 37 198 178 32 162 17 0 4 80 114 
3000 | 152.793911 | 13 177 184 24 190 103 100 84 185 47 154 81 129 72 67 87 97 16 12 107 187 62 40 95 9 23 132 121 173 38 170 162 118 124 128 78 140 147 57 82 160 159 80 75 115 182 0 55 143 144 113 63 2 195 49 34 153 110 48 158 151 93 4 135 134 69 10 33 197 192 30 149 44 196 145 56 142 125 26 46 42 114 53 35 77 117 92 65 83 90 163 29 8 50 156 186 161 91 86 11 25 172 138 146 133 131 112 101 68 79 28 120 102 105 175 74 5 20 188 32 179 166 178 171 176 174 139 89 130 60 31 52 198 71 18 191 3 21 165 181 54 106 141 61 116 104 164 73 108 45 127 76 88 189 193 64 22 152 199 14 36 169 43 137 194 94 111 1 150 126 17 85 99 66 148 27 6 58 70 168 39 109 7 19 96 183 15 51 37 157 123 119 155 98 122 59 136 167 180 41 
4750 | 152.472235 | 188 152 102 120 13 31 123 47 153 184 21 134 97 81 176 58 137 91 89 141 23 29 183 103 66 98 28 190 157 148 119 100 131 147 9 64 118 94 115 11 93 82 72 129 169 2 38 185 189 96 60 68 40 168 30 170 55 144 22 24 194 36 142 51 187 20 182 16 5 195 56 43 1 175 99 95 74 79 191 53 117 149 50 160 192 19 101 109 52 173 159 78 179 44 107 67 128 171 35 161 25 62 49 158 61 57 42 7 34 151 140 65 106 26 86 116 135 54 143 186 177 14 110 73 164 199 125 104 132 126 166 146 130 71 138 193 33 145 84 136 18 121 127 174 3 155 39 156 165 15 163 167 75 122 90 108 45 48 92 8 124 105 12 69 88 181 197 46 150 6 85 139 133 41 154 172 77 180 10 27 70 112 63 87 59 83 111 76 196 37 113 198 178 32 162 17 0 4 80 114 
5750 | 152.267669 | 16 180 13 177 44 190 103 100 66 84 95 45 154 52 15 81 129 67 87 97 12 183 107 39 9 132 121 173 43 170 162 118 124 128 90 32 140 93 69 147 41 26 82 72 160 159 50 64 115 0 143 144 113 2 195 22 78 65 153 110 73 47 158 184 80 151 79 4 135 53 134 60 10 29 197 192 149 63 58 196 145 75 19 182 30 142 61 125 59 114 38 27 185 117 83 36 163 8 23 156 161 17 37 86 91 71 11 172 21 76 88 138 146 133 74 131 68 112 101 120 102 34 105 175 54 5 188 179 166 31 178 171 176 174 139 130 198 28 51 33 191 20 3 165 94 106 57 141 18 116 104 164 108 127 77 89 189 193 152 199 14 24 181 169 35 137 194 111 70 92 1 187 150 126 85 99 148 6 40 62 25 168 49 109 7 186 96 157 48 123 42 119 155 56 98 122 46 136 167 55 
7000 | 149.825748 | 12 57 177 53 184 9 190 103 100 185 10 41 154 129 92 97 107 28 187 68 85 14 95 80 132 121 19 11 173 170 16 7 162 118 124 128 29 140 147 13 27 160 159 63 115 182 0 73 32 143 144 113 40 87 2 195 153 75 37 110 46 158 151 55 72 135 134 197 192 18 6 149 45 196 145 142 56 125 5 26 78 114 76 117 71 163 54 156 42 186 161 65 31 17 172 15 138 30 146 133 131 112 101 120 102 105 175 188 62 179 34 166 178 171 4 176 174 139 70 90 130 59 38 39 198 191 36 3 165 60 21 181 49 106 141 116 64 104 89 164 108 50 127 88 189 23 193 152 33 199 35 79 169 137 194 25 111 48 1 69 150 58 126 77 94 99 52 148 81 67 91 47 168 44 84 22 109 43 51 183 24 61 93 96 20 66 157 8 123 119 83 155 98 122 74 86 82 136 167 180 
8752 | 149.746318 | 51 47 152 184 102 120 190 123 153 185 134 97 81 176 58 137 91 9 89 141 187 18 183 21 12 103 66 98 157 148 119 39 100 131 46 147 64 26 118 94 115 93 82 72 129 50 169 2 24 31 22 96 60 68 19 23 168 170 55 52 192 10 144 45 194 142 182 16 5 195 56 1 175 99 95 74 79 117 149 44 160 25 101 109 33 35 173 159 37 186 78 8 42 179 107 67 128 171 34 161 11 62 158 61 57 41 151 140 65 106 188 86 116 135 54 143 177 38 110 73 164 49 199 191 125 104 29 132 126 166 32 146 130 71 138 193 145 84 136 43 121 127 174 189 36 3 155 156 165 28 163 167 75 122 90 108 92 124 27 105 69 88 181 197 14 30 48 150 15 6 85 139 133 154 13 172 77 180 7 70 112 63 87 53 59 83 111 76 196 113 198 178 40 162 17 20 0 4 80 114 
9503 | 147.876616 | 12 57 177 53 184 9 190 103 96 100 185 10 41 129 154 97 107 28 187 68 85 14 132 66 121 80 19 11 173 170 16 7 118 162 124 92 128 29 140 147 13 160 27 159 63 115 182 0 143 73 32 144 113 40 87 2 195 153 37 110 75 46 158 151 95 55 135 72 134 197 192 18 6 149 45 196 145 56 142 125 5 26 114 78 76 94 117 71 163 54 42 156 186 65 161 31 17 172 15 138 30 146 133 131 112 101 120 102 105 188 175 62 179 34 178 166 171 4 176 174 139 90 130 70 59 38 39 198 191 36 3 60 165 21 181 49 106 116 141 64 104 89 108 50 127 164 88 189 23 193 33 152 199 91 79 35 194 169 25 137 111 48 69 1 93 77 58 150 126 81 99 67 52 148 47 44 168 84 22 109 43 51 183 24 61 20 157 8 123 119 83 155 98 122 74 86 82 136 167 180 
10253 | 145.324318 | 12 57 177 53 184 9 190 103 96 100 185 10 41 129 97 107 28 187 68 85 14 132 66 121 80 19 11 173 157 170 16 7 118 124 92 128 29 140 147 13 27 63 115 182 0 143 73 32 144 113 40 165 87 2 195 153 37 110 75 46 151 167 95 55 135 72 134 197 192 18 6 149 45 196 145 56 142 125 5 26 114 78 76 94 117 71 54 42 186 65 31 17 172 15 138 30 166 146 133 131 158 112 101 120 102 105 188 175 62 179 34 178 171 4 176 174 139 90 130 70 59 38 39 198 191 36 3 60 21 181 49 106 116 141 64 104 89 108 50 127 88 189 155 23 193 33 156 152 199 91 79 35 194 169 164 25 137 111 160 48 69 1 93 77 58 150 126 81 99 67 52 148 47 44 168 154 84 22 109 43 51 183 24 61 162 20 8 123 119 159 83 98 122 74 86 82 163 136 161 180 
13003 | 145.022142 | 71 118 56 44 152 87 133 177 199 3 187 6 134 57 10 171 153 138 89 196 82 45 52 176 9 73 25 179 148 70 65 169 147 1 0 157 39 170 12 192 23 43 141 2 7 32 102 64 55 41 106 101 50 127 104 99 110 90 103 76 131 85 93 81 67 47 88 20 167 22 130 53 29 28 84 129 79 30 8 139 175 197 38 115 120 128 17 160 36 143 135 159 186 13 189 18 188 37 14 136 109 97 92 150 123 19 180 58 63 149 77 140 161 190 158 151 111 96 27 34 193 31 61 125 62 173 94 181 54 185 126 26 100 142 107 66 164 194 5 51 75 116 33 182 184 168 166 72 59 83 60 91 69 121 95 155 156 165 163 172 191 105 108 137 113 122 144 112 178 24 195 183 35 114 117 74 124 11 16 198 146 4 154 40 68 15 98 174 49 86 132 78 145 48 42 21 162 46 119 80 
13503 | 144.298510 | 12 57 177 53 184 9 190 103 96 100 185 10 41 129 154 97 107 28 187 68 85 14 132 66 121 80 11 19 173 170 16 7 118 162 124 92 128 29 140 147 13 160 27 159 63 115 182 0 143 73 32 144 113 40 87 2 195 153 37 110 75 46 158 151 95 55 135 72 134 197 192 18 6 149 45 196 145 56 142 125 5 26 114 78 76 94 117 71 163 54 42 156 186 65 161 31 17 172 15 138 30 146 133 131 112 101 120 102 105 175 188 62 179 166 34 178 171 4 176 174 139 90 130 70 59 38 39 198 191 3 36 60 165 21 181 49 106 116 141 64 104 89 108 50 127 164 88 189 193 23 33 152 199 91 79 35 169 194 25 137 111 48 1 69 93 77 58 150 126 81 99 67 52 148 47 44 168 84 22 109 43 51 183 24 61 20 157 8 123 119 83 155 98 122 74 86 82 136 167 180 
14003 | 142.628573 | 51 47 152 184 53 120 31 102 123 153 185 134 176 21 97 137 81 58 197 141 91 9 187 89 183 23 195 29 18 12 103 193 28 157 66 148 119 98 131 39 100 147 46 118 64 115 94 93 129 82 72 169 50 194 2 96 60 68 30 19 22 168 170 52 24 190 10 36 144 55 142 45 182 20 196 16 5 175 1 99 95 74 117 79 149 56 160 44 101 109 54 173 159 37 186 78 8 179 42 107 128 67 171 35 161 25 158 11 62 61 151 57 140 41 34 188 65 106 116 135 86 26 143 177 38 164 189 110 73 199 125 49 132 126 104 166 146 130 71 138 145 136 33 121 84 127 43 174 155 156 165 3 163 167 122 75 90 108 124 92 105 69 88 181 14 48 150 15 6 85 192 139 133 154 13 172 77 180 7 191 27 70 112 63 87 59 83 111 76 113 198 178 40 162 32 17 0 4 80 114 
16509 | 141.222909 | 12 53 177 184 9 190 103 96 41 100 185 10 155 129 21 92 97 107 58 187 28 68 14 85 132 66 121 80 173 170 11 118 16 162 7 64 140 124 147 128 29 160 27 13 152 159 143 115 73 182 32 60 0 144 40 87 113 55 2 195 75 110 37 95 135 46 72 20 134 149 197 18 192 6 156 145 56 158 142 45 196 5 23 26 125 78 114 76 94 117 71 54 163 186 19 42 161 17 31 30 157 15 172 146 138 133 131 62 112 101 120 102 61 105 57 188 175 179 34 178 4 166 65 171 139 176 174 130 70 90 22 198 191 38 3 39 165 36 181 141 106 49 116 104 108 89 127 151 50 164 88 189 193 199 33 35 79 153 25 194 169 137 48 1 111 69 150 77 93 126 52 148 81 67 154 99 91 47 44 84 43 168 51 109 24 63 59 183 8 123 83 119 98 122 74 86 82 136 167 180 
17760 | 138.382392 | 57 177 9 184 13 25 190 103 100 10 187 185 129 92 97 41 107 154 53 68 85 95 80 132 121 19 11 30 173 170 7 162 118 124 128 140 51 147 63 115 160 159 0 55 73 182 143 113 87 144 2 40 26 75 195 110 153 54 46 158 16 37 151 72 135 134 18 6 197 192 32 149 196 23 145 45 142 28 56 125 5 78 114 76 117 71 163 42 156 65 186 17 161 138 133 49 188 172 131 24 112 101 120 146 102 105 62 31 175 179 14 34 178 166 4 171 176 174 139 70 90 130 59 50 38 198 3 39 191 60 165 36 21 181 106 141 116 64 104 89 108 127 88 164 27 189 15 199 193 79 152 33 137 35 111 194 1 169 48 69 58 12 126 77 94 150 99 81 67 91 52 148 47 44 84 168 22 29 109 43 61 183 93 96 20 66 157 8 123 119 83 155 98 122 74 86 82 136 167 180 
20520 | 137.080445 | 57 177 184 9 13 190 25 103 185 96 100 10 155 129 41 97 107 187 53 68 85 132 80 121 19 11 173 30 170 7 162 118 140 124 147 92 128 51 160 152 63 182 159 0 55 143 73 115 144 2 195 40 26 113 87 110 75 54 95 16 46 37 135 134 72 149 171 197 192 156 18 32 6 145 23 158 196 142 45 28 5 56 78 125 76 114 71 163 94 117 42 186 65 17 161 157 172 49 146 138 24 133 131 112 101 120 102 105 62 175 188 31 179 166 14 34 178 4 176 174 139 70 90 130 59 50 38 198 191 3 39 165 60 36 181 21 141 106 116 89 64 104 164 108 127 88 151 27 189 193 15 199 33 79 91 169 194 35 153 48 1 69 137 58 111 12 150 77 93 81 67 126 148 52 47 44 154 168 99 22 29 84 43 61 183 20 109 66 8 123 83 119 98 122 74 82 86 136 167 180 
21273 | 136.535321 | 57 177 9 13 184 25 190 103 96 100 10 185 129 154 41 97 107 53 187 68 85 132 121 80 19 11 30 173 170 7 118 162 124 92 128 51 140 147 63 160 159 55 115 182 0 143 73 2 40 144 113 26 87 195 153 54 110 75 46 16 37 158 151 95 135 72 134 6 197 192 18 32 149 23 196 145 45 28 142 56 125 5 114 78 76 94 117 71 163 42 65 156 186 17 161 49 172 138 24 146 133 131 112 101 120 102 62 105 175 31 188 14 179 166 34 178 4 171 176 174 139 90 59 130 70 50 38 198 3 191 39 60 36 165 21 181 106 116 64 141 104 89 108 164 88 27 189 193 15 127 33 152 199 91 79 35 169 194 48 137 69 111 58 12 1 93 77 150 81 67 99 126 52 148 47 44 168 22 29 84 109 43 61 183 20 66 157 8 123 119 83 155 98 122 74 86 82 136 167 180 
21777 | 135.432702 | 57 177 53 184 9 13 190 103 100 185 10 41 154 129 92 97 107 187 28 68 85 80 95 132 121 173 19 170 11 7 162 118 124 140 128 29 147 27 160 159 63 115 182 0 32 73 143 144 113 40 2 195 153 87 37 75 110 46 158 16 151 55 72 135 134 197 192 18 6 149 45 196 145 142 56 125 5 26 78 114 76 117 71 54 42 156 186 161 163 65 31 17 138 30 172 146 133 131 112 101 120 102 105 175 188 62 34 179 14 178 4 176 174 171 166 139 70 90 130 59 38 39 198 191 3 36 60 21 181 49 165 106 116 141 64 104 89 108 50 127 88 23 189 193 33 164 152 15 199 35 79 137 194 25 111 48 169 1 69 150 58 12 126 94 77 99 52 148 81 91 67 47 44 84 22 109 43 51 168 183 24 61 93 96 20 66 157 8 123 119 83 155 122 98 74 82 86 136 167 180 
23033 | 134.181087 | 57 177 25 9 184 13 190 96 103 100 10 185 155 129 92 97 53 107 68 41 187 85 80 132 121 19 11 95 30 173 7 170 118 162 124 147 140 51 128 55 63 160 152 0 159 73 143 115 26 87 182 2 144 113 75 40 195 54 46 110 16 37 72 135 134 149 197 192 18 6 32 156 145 196 158 142 45 5 28 125 56 78 114 76 117 71 163 186 17 161 42 65 157 172 49 146 138 101 133 131 112 102 120 105 62 188 175 179 14 31 178 166 34 171 4 176 174 139 70 50 90 59 130 38 191 198 3 165 39 181 21 60 36 141 106 116 104 64 89 127 108 88 23 151 164 189 193 79 27 199 15 153 33 194 169 48 35 111 1 69 137 58 77 12 150 94 99 126 81 67 148 154 52 47 91 84 44 22 168 29 43 61 24 109 93 66 183 20 8 123 83 119 98 74 122 86 82 136 167 180 
23284 | 130.107635 | 57 177 184 13 9 190 25 103 100 10 185 155 129 92 97 41 187 107 53 68 85 132 95 80 121 11 7 173 30 170 162 124 118 147 128 140 51 160 63 0 115 152 159 55 143 73 113 87 182 40 2 26 195 144 75 110 54 46 37 135 72 134 197 149 192 20 6 156 32 196 16 145 158 142 23 45 28 5 56 125 78 114 76 117 71 42 163 186 19 65 161 157 49 172 146 24 138 112 133 131 101 105 120 102 188 62 31 175 179 34 178 166 171 4 176 70 174 90 130 139 59 50 38 14 198 191 3 39 165 60 106 181 36 21 141 116 104 64 89 127 108 88 151 164 27 189 193 18 199 79 33 153 15 194 169 35 1 48 137 69 58 111 12 150 77 94 99 126 81 67 91 148 52 154 47 44 84 22 29 168 43 109 61 93 96 66 183 8 123 119 83 98 17 122 74 86 82 136 167 180 
24798 | 129.541191 | 57 12 177 184 9 190 96 103 100 185 10 155 129 92 97 107 41 187 53 68 85 14 132 95 80 121 19 11 173 170 16 7 30 118 162 140 124 51 147 128 13 63 160 152 55 159 0 143 73 115 182 144 113 87 40 2 195 54 75 110 135 46 134 72 37 197 149 192 18 6 32 196 145 156 142 45 158 28 5 56 26 78 125 76 114 71 117 163 42 186 65 17 161 15 157 49 172 146 138 133 131 101 112 102 105 62 120 188 31 175 179 4 178 166 34 171 139 70 176 130 90 174 59 50 38 198 191 3 39 21 60 165 36 181 141 106 64 104 89 127 116 108 88 151 23 193 27 164 189 199 33 79 194 25 35 153 1 169 48 137 69 58 111 77 94 150 99 81 67 91 126 148 52 47 154 44 84 22 29 43 168 24 61 109 93 66 183 20 8 123 83 119 98 122 74 86 82 136 167 180 
25813 | 127.425414 | 57 12 177 184 9 190 13 96 103 100 10 185 92 155 129 97 107 187 41 53 68 85 132 95 121 80 19 173 11 170 16 7 118 162 124 30 147 140 128 160 152 63 51 159 143 0 115 73 55 182 144 113 87 40 2 195 75 110 54 37 46 135 72 134 197 149 192 18 6 156 32 196 145 158 142 45 5 28 56 26 125 78 76 114 117 71 163 42 186 65 17 161 15 157 49 172 146 138 133 131 112 101 120 102 105 62 188 175 31 179 14 178 4 166 171 34 176 174 70 139 90 59 130 50 38 191 198 3 39 165 60 181 21 36 141 106 64 116 89 127 104 108 88 151 23 164 189 193 27 33 199 79 194 153 25 35 1 169 48 111 69 58 137 77 94 150 81 126 67 99 91 148 52 47 154 44 84 22 29 168 43 24 61 109 93 66 183 20 8 123 83 98 119 122 74 86 82 136 167 180 
26066 | 124.932188 | 57 12 177 184 9 190 13 96 103 100 10 185 92 155 129 97 107 187 41 53 68 85 132 95 121 80 19 173 11 170 16 7 118 162 124 30 140 128 160 147 63 51 159 152 0 115 73 143 55 182 113 87 40 144 2 195 75 110 54 37 46 135 72 134 197 192 18 6 149 156 32 196 158 142 145 45 5 28 56 26 125 78 76 114 117 71 163 42 186 65 17 161 15 157 49 172 138 146 133 131 112 101 120 102 105 62 188 175 31 179 14 178 4 166 171 34 176 174 70 139 90 59 130 50 38 191 198 3 39 165 60 181 21 36 141 106 64 116 89 127 104 108 88 23 164 151 189 193 27 33 199 79 194 153 25 35 1 169 48 111 69 58 137 77 150 94 81 126 67 99 91 148 52 47 154 44 84 22 29 168 43 24 61 109 93 66 183 20 8 123 83 98 119 122 74 86 82 136 167 180 
26317 | 123.377912 | 57 12 177 184 9 190 13 96 103 100 10 185 155 92 129 97 107 187 41 53 68 85 132 95 121 80 19 173 11 170 16 7 118 162 124 30 140 147 128 160 63 143 51 152 159 0 115 73 55 144 182 113 87 40 2 195 75 110 54 37 46 135 72 134 197 192 18 6 149 32 196 156 145 142 158 45 5 28 56 26 125 78 76 114 117 71 163 42 186 65 17 161 15 49 172 157 138 133 146 131 112 101 120 102 105 62 188 175 31 179 14 178 4 166 171 34 176 174 70 139 90 59 130 50 38 191 198 3 39 165 60 181 21 36 141 106 64 116 89 127 104 108 88 23 164 151 189 193 27 33 199 79 194 25 35 1 153 169 48 111 69 58 137 77 94 150 81 126 67 99 91 148 52 47 154 44 84 22 29 168 43 24 61 109 93 66 183 20 8 123 83 98 119 122 74 86 82 136 167 180 
27833 | 122.661754 | 57 12 177 184 9 190 13 96 103 100 10 185 155 92 129 97 107 187 41 53 68 85 132 95 121 80 19 173 11 170 16 7 118 162 124 30 140 147 128 160 63 143 51 152 159 0 115 73 55 144 182 113 87 40 2 195 75 110 54 37 46 135 72 134 197 192 18 6 149 32 196 156 145 142 158 45 5 28 56 26 125 78 76 114 117 71 163 42 186 65 17 161 15 49 172 157 138 133 146 131 112 101 120 102 105 62 188 175 31 179 14 178 4 166 171 34 176 174 70 139 90 59 130 50 38 191 198 3 39 165 60 181 21 36 141 106 64 116 89 127 104 108 88 23 164 151 189 193 27 33 199 79 194 25 1 35 153 169 48 111 69 58 137 77 94 150 81 126 67 99 91 148 52 47 154 44 84 22 29 168 43 24 61 109 93 66 183 20 8 123 83 98 119 122 74 86 82 136 167 180 
28089 | 116.397635 | 57 12 177 184 9 13 190 96 103 100 185 10 155 129 92 97 107 41 187 68 53 132 85 95 80 121 19 173 11 170 162 30 7 118 147 140 124 128 51 160 152 0 55 159 63 143 73 182 2 115 87 113 144 40 195 75 110 54 46 16 72 135 134 149 37 6 197 192 156 32 145 45 142 18 158 196 28 5 26 125 56 78 114 76 117 71 163 42 186 161 65 17 157 172 146 138 49 131 133 101 112 102 105 120 62 188 175 14 179 31 178 166 171 34 4 176 174 70 139 90 130 59 50 38 198 3 191 39 165 21 181 36 60 106 141 89 116 64 104 108 88 127 151 164 23 199 15 193 189 27 33 79 153 25 194 169 35 1 48 137 69 111 58 77 94 150 81 126 99 67 91 148 52 154 47 44 84 22 29 43 168 24 61 109 93 66 183 20 8 123 83 119 98 122 74 86 82 136 167 180 
29362 | 115.252096 | 57 12 177 184 9 13 190 96 103 100 10 185 155 129 92 97 107 41 187 53 68 85 132 95 80 121 19 173 11 170 16 7 162 30 118 140 124 147 128 160 51 63 152 159 0 55 143 73 144 115 182 87 113 40 2 195 75 110 37 54 46 135 72 134 197 192 149 18 6 32 196 156 145 158 142 45 5 28 26 56 125 78 114 76 71 117 163 186 42 65 161 17 15 172 49 157 146 138 133 131 101 112 102 105 120 62 188 175 31 179 14 178 4 166 171 34 176 174 139 70 90 130 59 50 38 191 198 3 39 165 60 181 21 36 106 141 64 89 116 104 108 88 127 151 23 164 189 193 27 33 79 199 194 25 153 35 169 1 48 137 69 58 111 77 94 150 81 126 99 67 91 148 52 154 47 44 84 22 29 168 43 24 61 109 93 66 183 20 8 123 83 119 98 122 74 86 82 136 167 180 
29623 | 115.121031 | 57 12 177 184 9 190 13 96 103 100 10 185 155 129 92 97 107 187 41 53 68 132 85 95 80 121 19 173 11 170 16 7 162 118 147 30 140 124 128 160 51 63 152 159 0 143 55 182 115 73 87 113 144 40 2 195 75 110 54 37 46 135 134 72 149 197 192 18 6 32 196 145 156 158 142 45 56 5 28 26 125 78 76 114 71 117 163 42 186 17 65 161 15 172 157 146 49 138 131 133 101 112 102 105 120 62 188 175 31 179 14 178 4 166 171 34 176 174 139 70 90 130 59 50 38 191 198 3 39 165 60 181 21 36 106 141 89 116 64 104 108 88 127 151 23 164 189 193 27 33 199 79 194 25 35 1 153 169 48 137 69 111 58 77 94 150 81 126 67 99 91 148 52 47 154 44 84 22 29 168 43 24 61 109 93 183 66 20 8 123 83 119 98 122 74 86 82 136 167 180 
29875 | 110.405073 | 57 177 12 184 9 13 190 96 100 103 185 10 155 129 92 97 107 41 187 53 68 85 132 121 95 80 19 173 11 16 170 7 30 162 124 118 147 140 128 160 51 63 159 182 0 143 55 144 73 115 113 87 40 195 2 54 151 75 110 135 46 134 72 37 192 197 18 6 156 149 32 196 158 145 142 45 28 5 26 56 125 78 76 114 117 71 163 42 161 65 186 17 157 172 15 49 146 138 133 131 101 112 102 105 120 62 175 188 31 179 14 178 166 4 171 34 176 174 70 139 90 59 130 50 38 198 191 3 39 165 21 60 36 181 141 106 64 104 89 116 108 127 88 164 23 189 152 193 27 199 33 79 169 153 25 35 1 194 48 137 69 111 58 150 77 94 99 81 67 91 126 148 52 154 47 44 84 22 29 168 43 24 61 109 93 66 20 8 183 123 83 119 98 122 74 86 82 136 167 180 
30912 | 109.811351 | 57 177 12 184 9 13 190 96 103 100 185 10 155 129 92 97 107 41 187 53 68 132 85 95 80 121 19 173 11 16 170 7 30 162 124 118 140 128 160 147 51 143 63 159 182 0 152 55 73 144 115 87 40 113 195 2 75 110 54 135 37 46 72 134 192 197 18 6 149 156 32 196 158 145 142 45 28 5 26 56 125 78 76 114 117 71 163 42 161 65 186 17 157 172 15 49 138 146 133 131 101 112 102 105 120 62 175 188 31 179 14 178 166 4 171 34 176 174 139 70 90 59 130 50 38 198 191 3 39 165 60 21 181 36 141 106 89 104 64 116 108 127 88 23 164 151 189 27 193 199 33 79 153 169 25 35 1 194 48 137 69 58 111 77 94 150 81 99 91 126 67 148 52 154 47 44 84 22 168 29 24 43 61 109 93 66 20 8 183 123 83 119 98 122 74 86 82 136 167 180 
31173 | 108.682381 | 57 12 177 184 9 190 13 96 103 100 185 10 155 129 92 97 107 187 41 53 68 132 85 95 121 80 19 11 173 170 16 162 7 30 124 118 140 147 128 160 51 63 152 159 143 0 55 144 182 115 73 113 87 40 2 195 75 110 54 46 135 72 134 37 192 18 197 6 149 32 156 145 196 142 158 45 28 5 26 56 125 78 76 114 117 71 163 42 186 65 161 17 15 172 157 49 146 138 133 131 101 112 102 105 120 62 188 31 175 179 14 4 178 166 171 34 176 174 139 70 90 130 59 50 38 3 198 191 39 165 60 181 21 36 106 141 64 104 89 116 108 88 127 151 164 23 27 189 199 193 33 79 194 25 153 35 1 169 48 137 69 58 111 77 94 150 81 99 67 126 91 148 52 47 154 44 84 22 29 168 43 24 61 109 93 66 183 20 8 123 83 119 98 122 74 86 82 136 167 180 
31433 | 106.533060 | 57 177 12 184 9 13 190 96 103 100 185 10 155 129 92 97 107 41 187 53 68 85 132 95 80 121 19 173 11 7 16 170 30 162 118 147 140 124 128 160 51 63 182 159 0 143 144 55 73 115 113 87 2 195 40 75 110 54 135 46 151 134 72 37 192 197 18 6 156 149 196 32 158 145 56 28 142 45 5 26 78 125 76 114 71 117 163 161 42 65 186 17 15 157 172 49 146 138 133 131 101 112 102 105 62 120 31 175 188 179 178 14 4 166 34 171 176 174 139 70 130 90 59 50 38 198 3 191 21 39 60 165 181 36 141 106 64 104 89 116 108 127 88 23 164 189 152 27 193 199 33 169 79 25 35 153 1 194 48 137 69 58 150 111 77 94 99 81 67 126 91 148 52 154 47 44 84 22 168 29 24 43 61 109 93 66 20 8 183 123 83 119 98 122 74 86 82 136 167 180 
