DataSet:	circ200
RunTime:	2022-5-31 10:46:49
Method:	GeneticAlg3
Params:	P:500 E:300000 SR:0.500000
DataPath:	./resources/datasets/circ200.txt

################################################################################

500 | 161.570175 | 116 50 114 87 98 161 41 126 160 92 63 42 80 110 56 62 186 178 113 170 43 133 21 146 147 44 102 24 23 137 131 65 38 174 175 66 123 115 195 70 166 29 1 27 94 135 78 134 188 37 9 145 57 120 0 108 91 100 14 106 148 150 171 19 12 16 156 40 76 109 168 184 196 11 90 118 60 34 142 75 84 48 149 191 51 183 165 71 5 122 77 59 124 163 17 4 173 67 121 45 79 31 117 144 88 130 85 128 36 176 157 68 74 138 3 104 103 155 140 64 101 95 199 7 169 15 13 194 33 164 154 143 192 10 6 158 22 152 96 125 28 30 54 182 81 151 49 8 180 55 189 179 167 83 193 99 93 105 119 181 187 89 32 177 107 153 190 69 127 82 25 141 162 20 35 53 112 61 97 111 129 72 132 172 52 198 18 185 86 39 159 139 197 26 47 73 2 58 136 46 
1250 | 159.390720 | 170 174 161 143 194 27 114 172 30 171 134 117 135 146 106 92 118 52 132 57 113 98 130 56 160 63 167 23 25 29 48 93 169 105 14 83 101 116 109 136 59 0 185 5 69 89 37 91 15 84 85 43 153 183 22 126 40 121 7 12 35 141 55 152 119 108 124 6 94 176 128 156 177 54 198 38 123 77 32 72 144 16 4 24 82 147 76 122 28 78 99 45 62 125 87 80 158 10 133 159 195 173 33 193 187 112 88 149 103 73 107 75 168 95 151 110 61 157 97 44 42 166 175 192 197 155 148 129 68 51 58 79 47 100 102 9 189 26 49 71 46 162 140 111 86 150 34 11 179 165 196 64 36 66 70 53 65 104 19 199 39 50 20 115 184 186 127 154 145 139 120 81 178 142 137 13 131 67 41 1 96 31 163 138 90 164 188 60 17 3 2 191 182 8 190 21 180 181 74 18 
1750 | 157.137848 | 170 174 161 143 194 27 114 172 30 171 134 117 135 146 106 92 118 52 132 57 113 98 130 56 160 63 167 23 25 29 48 93 169 105 14 83 101 116 109 136 59 0 185 5 69 37 15 84 85 43 153 183 22 126 40 89 121 7 12 35 141 55 152 119 108 124 6 94 176 128 156 177 54 198 38 123 77 32 72 144 16 4 24 82 147 76 122 28 78 99 45 62 125 87 80 158 10 133 159 195 173 33 193 187 112 88 149 90 103 73 107 75 168 95 151 110 61 157 97 44 42 166 175 192 197 155 148 129 68 51 58 79 47 100 102 9 189 26 49 71 46 162 140 111 86 150 34 11 179 165 196 64 36 66 70 53 65 104 19 199 91 39 50 20 115 184 186 127 154 145 139 120 81 178 142 137 13 131 67 41 1 96 31 163 138 164 188 60 17 3 2 191 182 8 190 21 180 181 74 18 
4000 | 155.386147 | 116 50 114 87 98 41 92 2 63 42 158 80 110 141 142 56 62 159 182 113 43 21 146 44 102 195 24 23 65 161 38 140 66 123 115 70 5 194 29 1 27 94 167 78 37 178 185 9 191 57 120 136 108 91 100 14 106 128 171 19 12 16 181 40 76 109 145 177 8 147 196 11 90 118 60 172 34 127 75 176 84 48 163 174 170 188 138 6 51 168 198 71 122 126 77 131 59 124 162 17 183 67 193 199 121 45 79 31 117 88 85 36 139 68 74 155 104 103 129 189 64 101 152 149 95 150 164 160 15 13 180 190 137 33 132 10 22 96 173 28 143 30 54 81 135 49 133 148 55 187 83 99 93 130 105 119 192 89 32 169 144 151 107 125 69 82 25 7 20 166 35 0 157 53 175 3 4 112 61 97 111 72 134 52 156 18 153 86 165 186 179 39 184 154 26 47 73 58 197 46 
4500 | 153.680613 | 83 11 91 106 96 186 12 192 158 190 87 43 104 125 64 130 165 159 182 21 144 42 37 9 197 132 68 183 85 161 1 45 69 141 54 199 133 131 195 188 167 145 163 41 35 58 84 40 137 178 127 51 126 78 102 171 25 27 181 110 113 107 33 32 108 66 147 117 90 112 177 143 36 139 15 172 193 194 170 176 134 7 20 174 191 14 98 72 22 77 166 101 4 162 39 71 198 65 46 29 142 47 138 185 60 74 140 70 57 128 116 88 59 80 103 155 49 82 2 38 97 152 149 50 150 160 13 34 180 8 16 115 86 164 173 146 99 135 56 79 93 53 48 148 121 3 136 168 62 122 52 18 111 89 92 123 0 10 169 26 119 151 31 17 187 19 23 6 189 184 120 100 114 157 175 196 24 105 44 73 63 95 109 94 156 153 30 61 129 55 81 75 124 179 28 118 154 5 67 76 
5502 | 152.214386 | 133 50 83 2 11 91 106 96 41 186 12 192 158 190 63 42 87 104 56 62 165 159 182 21 144 43 129 126 197 44 130 183 85 132 161 65 141 38 9 6 66 69 123 5 195 188 167 145 163 137 35 37 124 84 122 57 178 117 78 102 171 116 25 27 181 107 33 131 32 40 147 119 90 177 143 139 60 15 172 193 3 194 170 48 176 20 174 51 1 191 8 14 98 59 72 22 77 166 112 101 162 67 109 45 71 198 29 142 185 36 74 140 70 68 127 88 80 103 155 199 82 108 64 97 10 152 149 150 160 13 4 34 180 110 16 86 164 173 146 99 120 114 54 125 79 93 49 111 118 55 148 138 134 168 18 135 89 92 169 26 151 31 17 7 187 19 23 189 184 100 157 175 53 196 24 105 61 73 95 94 136 52 156 153 30 115 39 81 75 113 179 28 47 154 128 58 0 76 121 46 
7005 | 148.012455 | 11 85 91 106 81 102 69 12 167 104 134 58 156 135 144 54 129 159 126 9 188 132 197 186 130 170 23 163 51 141 166 27 1 191 18 37 184 199 136 33 176 123 68 49 195 42 145 164 178 47 137 94 97 124 22 35 82 53 122 56 117 78 30 182 116 50 147 107 90 39 61 143 92 172 62 119 139 65 103 15 40 173 24 180 194 7 14 84 74 179 48 162 77 112 89 95 60 133 183 187 99 142 4 198 36 32 70 140 161 66 171 41 127 26 80 109 83 72 96 87 34 152 108 100 71 165 2 64 149 150 28 93 86 25 57 158 168 31 175 13 185 155 8 110 146 16 160 181 76 120 114 88 125 148 79 169 138 46 59 19 174 52 20 157 111 73 101 118 44 3 67 43 29 0 151 45 154 10 17 193 6 196 131 98 38 105 75 153 177 192 115 63 113 190 21 5 189 55 128 121 
8258 | 147.426136 | 133 83 2 11 91 106 96 41 186 12 192 158 190 63 125 87 104 56 165 62 159 144 182 21 129 51 197 130 85 183 132 65 161 38 141 9 6 66 69 5 49 188 42 195 167 145 47 163 35 178 37 137 84 117 57 102 126 78 116 171 181 25 107 27 131 50 33 177 32 147 119 40 143 90 139 172 60 15 193 176 194 3 174 170 20 191 1 48 121 8 98 14 166 59 72 112 22 77 162 101 109 67 71 142 198 29 140 185 36 74 127 70 68 88 80 155 199 103 82 64 108 97 10 152 149 150 13 4 160 34 180 16 110 86 99 164 120 114 173 54 146 79 93 111 118 55 148 138 134 18 89 92 122 46 168 26 135 31 17 7 187 19 169 23 189 151 44 100 43 184 53 196 24 175 105 45 157 61 73 123 95 94 52 115 136 30 156 39 153 81 75 124 179 28 113 58 154 0 76 128 
10512 | 145.910887 | 133 22 11 85 149 91 96 106 81 93 12 167 104 64 156 144 129 159 126 54 9 182 188 197 186 23 130 170 18 132 61 163 166 183 20 68 141 1 51 191 27 184 199 176 69 123 154 37 59 45 33 195 148 49 145 24 164 178 42 137 124 35 82 53 122 117 78 30 50 58 102 116 39 107 131 66 90 152 40 172 57 119 143 47 146 139 151 15 173 180 194 7 14 84 98 72 153 179 48 162 77 112 19 89 101 92 187 4 109 198 36 142 71 161 60 140 171 65 32 127 80 103 83 97 87 74 41 108 70 26 34 165 2 86 147 56 158 168 175 62 28 25 13 185 8 110 16 31 160 181 76 99 120 114 88 125 21 150 79 169 174 157 111 118 138 44 134 3 135 52 155 0 43 10 196 17 29 193 6 95 73 100 38 63 94 105 136 177 192 115 75 113 190 5 67 46 189 128 55 121 
11262 | 144.127785 | 133 97 124 49 185 13 167 107 86 93 116 158 196 159 78 144 108 65 15 54 99 170 32 129 95 106 123 166 130 84 132 121 117 141 21 194 193 198 25 176 2 192 189 18 150 104 27 145 178 68 50 137 43 4 118 91 35 16 14 12 29 113 87 34 75 131 59 9 177 88 105 147 42 24 143 23 172 128 139 80 72 81 122 102 173 36 71 162 20 51 5 112 109 96 85 74 89 100 142 70 26 28 0 119 151 44 58 140 40 92 90 186 155 171 191 22 46 164 94 111 160 83 63 56 30 163 180 11 41 165 190 55 149 146 77 120 67 168 31 175 103 184 101 148 48 98 138 47 37 134 82 76 69 135 126 115 187 153 199 152 79 169 174 33 57 52 181 182 197 157 38 45 195 17 64 73 125 62 53 10 136 161 61 66 156 19 114 60 39 7 3 179 154 183 6 1 110 127 188 8 
11762 | 143.862571 | 133 85 2 91 106 96 81 41 186 12 192 158 190 63 104 62 165 159 182 21 144 129 126 46 197 130 183 132 161 65 141 54 38 9 43 6 66 1 69 123 48 5 195 188 167 145 163 58 137 35 37 124 122 51 178 117 82 102 44 171 116 78 25 27 181 107 33 131 32 11 40 147 119 90 177 143 139 15 172 193 3 194 170 176 20 174 191 8 14 98 72 84 22 166 112 101 162 67 77 109 71 198 29 60 142 185 36 57 140 70 68 127 59 88 103 49 155 47 199 108 80 64 83 50 97 87 152 74 149 150 160 13 10 4 34 180 86 110 16 164 56 173 53 146 45 99 120 114 125 93 111 42 76 52 118 148 138 134 168 18 135 79 89 92 169 26 151 31 17 7 187 19 23 189 184 100 157 175 196 0 24 105 73 95 94 136 156 153 30 61 115 39 113 55 75 179 28 154 128 121 
12515 | 142.781496 | 133 83 11 91 106 96 41 186 12 192 158 190 63 125 87 104 56 165 62 159 144 182 197 21 129 51 130 85 183 132 65 161 38 141 9 1 6 66 69 5 49 199 188 42 167 145 47 163 35 178 195 37 137 84 117 57 102 126 78 116 171 181 25 107 27 131 50 33 177 32 147 119 40 143 90 139 172 60 15 193 176 3 174 170 20 191 48 121 8 194 98 14 166 59 72 112 22 77 162 101 109 67 71 142 29 140 185 198 36 74 127 70 68 88 80 155 103 82 64 108 97 10 152 149 150 13 4 160 34 180 16 2 110 86 99 164 120 114 173 54 146 79 93 111 118 55 148 138 134 18 89 92 122 46 168 26 135 31 17 7 187 19 169 23 189 151 44 100 43 184 53 0 24 175 105 196 45 157 61 73 123 95 94 52 115 136 30 156 39 153 81 75 124 179 28 113 58 154 76 128 
15017 | 141.178477 | 97 133 124 171 185 74 13 86 107 93 116 196 159 24 108 65 15 54 167 144 72 129 95 123 99 49 84 121 130 106 117 33 21 166 194 132 193 198 141 29 2 192 39 189 42 18 178 28 68 145 104 26 48 50 137 4 118 91 16 14 75 12 113 87 59 78 9 131 172 88 105 147 177 45 143 139 80 81 122 102 20 157 35 51 154 25 32 162 176 174 169 34 5 112 109 71 96 85 89 100 77 119 0 58 92 142 43 160 90 140 70 73 127 31 22 186 191 40 94 111 152 164 37 83 149 156 150 63 56 180 163 11 38 190 27 44 173 168 55 120 67 146 103 184 30 41 148 36 138 101 98 82 134 46 155 69 126 115 79 76 47 135 187 199 151 57 52 181 182 197 23 170 17 195 64 125 175 62 53 158 10 161 136 61 66 19 153 114 60 7 3 165 179 183 6 1 110 128 188 8 
15519 | 141.157923 | 97 124 49 13 167 186 107 86 93 116 158 196 141 142 159 78 108 65 15 54 99 146 170 32 129 95 106 123 166 140 84 121 117 21 194 193 198 25 176 2 192 189 18 104 27 178 136 68 50 43 4 118 91 35 16 14 12 29 113 87 34 75 145 59 9 177 147 88 105 42 24 23 172 128 80 72 81 122 102 173 138 36 71 162 20 51 5 112 109 96 85 74 131 89 100 70 26 28 0 119 185 44 58 40 92 90 171 139 191 22 46 164 155 94 111 160 83 63 56 30 152 149 163 150 180 11 41 165 190 55 77 120 137 67 132 168 31 175 103 184 101 48 143 98 135 47 133 37 148 82 76 69 126 115 130 187 199 79 169 144 174 151 33 57 52 181 182 197 157 38 45 195 17 64 73 125 62 53 10 161 61 66 134 19 156 114 60 153 39 7 3 179 183 6 1 154 110 127 188 8 
15772 | 140.516939 | 133 49 11 85 91 114 149 96 106 81 69 12 167 110 104 58 156 144 54 129 113 159 126 9 188 197 186 33 130 170 132 163 166 21 141 29 1 191 25 18 184 199 176 123 68 195 28 27 148 145 42 164 50 178 108 137 124 82 122 56 117 109 78 102 182 116 90 107 131 152 24 39 23 61 172 62 119 143 146 65 38 139 151 35 15 51 20 32 40 173 180 194 7 34 14 84 74 98 89 153 179 162 26 77 53 60 101 183 187 4 198 52 70 154 37 142 161 140 66 41 171 31 22 127 80 87 103 83 72 97 71 86 165 2 64 147 57 158 168 30 175 93 13 185 36 8 16 48 160 47 181 76 99 88 46 120 125 150 79 169 59 174 92 157 73 44 118 138 134 3 43 67 135 45 155 0 10 17 193 6 112 95 100 196 111 19 94 105 136 75 177 192 115 63 190 5 189 55 128 121 
17032 | 139.645849 | 133 11 85 91 114 149 96 106 81 69 12 167 110 104 58 156 144 54 129 113 159 126 9 188 197 186 33 130 170 132 163 166 49 21 141 29 1 191 25 18 184 199 176 123 68 195 39 28 27 148 145 42 164 178 108 137 48 124 82 50 122 56 117 109 78 102 182 116 90 107 131 152 24 45 23 61 172 62 119 143 146 65 139 35 151 51 15 20 32 173 180 194 7 34 14 84 74 98 89 153 179 162 26 77 60 101 43 183 187 4 198 70 154 142 40 161 140 66 37 171 31 22 127 80 87 103 83 72 97 71 86 38 165 2 64 147 44 57 158 168 30 175 93 13 185 8 16 41 36 160 181 76 99 46 88 120 125 150 79 169 47 59 174 92 157 73 118 138 134 3 52 67 135 155 0 10 17 193 6 112 53 95 100 196 111 19 94 105 136 75 177 192 115 63 190 5 189 55 128 121 
18033 | 139.161307 | 133 11 85 91 114 149 96 106 81 69 12 167 110 104 58 156 144 54 113 129 159 126 9 188 197 186 130 33 170 163 166 132 49 21 141 29 1 191 25 18 184 199 176 123 68 195 39 28 27 148 145 42 164 178 108 48 124 82 50 137 122 56 117 109 78 102 182 116 90 107 152 24 45 23 131 61 172 62 119 143 146 65 139 35 151 51 15 20 32 173 180 194 7 34 14 84 74 98 89 153 179 162 26 77 60 101 43 183 187 4 198 70 154 142 40 161 140 66 37 171 31 22 127 80 87 103 83 72 97 71 86 38 165 2 64 147 44 57 158 168 30 175 93 13 185 8 16 41 36 160 181 76 99 46 88 120 125 150 79 169 47 59 174 92 157 73 118 134 138 3 52 135 67 155 0 10 17 193 6 112 53 95 100 196 111 19 94 105 136 75 177 192 115 63 190 5 189 55 128 121 
19286 | 136.276590 | 133 124 74 96 185 13 107 86 93 158 104 196 116 141 78 165 159 108 65 54 144 15 30 72 95 106 161 123 132 140 84 121 117 194 193 198 25 2 33 192 189 167 51 176 18 34 145 27 163 68 43 4 118 91 49 35 16 178 14 12 171 113 131 102 87 75 53 59 147 9 88 128 50 42 143 24 122 80 138 81 170 172 36 22 5 57 112 109 98 173 166 180 71 85 89 162 29 26 28 179 119 101 44 0 58 142 40 139 92 90 130 70 23 19 186 155 46 191 94 111 83 63 129 103 97 137 152 11 149 20 41 150 160 190 56 77 120 67 73 175 48 164 134 184 146 47 37 99 82 135 76 126 69 115 148 187 199 79 168 174 38 181 182 45 169 197 32 52 151 21 195 17 64 125 62 157 10 61 136 100 66 114 60 105 39 156 177 7 3 153 31 183 6 1 110 127 154 55 188 8 
20041 | 135.785961 | 133 22 11 85 149 91 96 106 81 12 167 158 110 104 64 156 144 129 126 159 54 9 188 197 186 23 130 170 18 132 61 163 166 20 161 68 141 51 191 2 27 184 199 176 69 123 37 154 59 45 33 195 148 49 24 164 42 145 178 35 137 124 82 53 109 122 30 78 117 50 58 102 182 39 116 107 90 131 66 40 152 172 57 119 47 143 146 139 173 15 151 180 194 7 14 84 98 72 179 153 48 77 19 0 162 101 183 187 4 36 198 71 142 60 171 32 140 65 88 127 80 83 97 87 41 74 103 108 70 26 34 160 165 86 147 56 168 175 28 62 25 13 185 8 16 31 93 181 76 99 120 114 125 150 21 89 92 79 169 174 118 44 138 134 135 52 155 157 43 10 17 196 29 193 6 95 73 112 100 38 63 94 105 111 136 177 192 115 3 75 113 190 5 67 46 1 189 128 55 121 
21045 | 134.738011 | 133 22 11 2 149 85 106 91 96 81 93 12 167 104 64 156 144 129 159 126 54 182 188 9 197 186 30 130 170 23 132 18 163 166 61 183 141 20 51 191 184 69 199 176 27 123 154 33 59 34 45 148 49 145 195 24 164 178 42 35 137 124 53 82 107 122 78 117 50 58 102 66 116 90 131 152 40 57 172 47 119 36 143 146 139 151 1 173 15 180 194 7 14 98 89 84 153 72 179 162 29 48 109 77 112 19 67 101 92 187 198 4 142 70 161 71 68 140 171 60 127 65 80 103 108 83 97 87 74 41 26 165 56 110 86 62 147 158 168 28 175 25 13 8 185 16 111 37 76 160 181 21 99 120 114 88 125 79 150 38 169 174 157 118 138 44 134 32 3 135 52 155 43 10 196 17 193 105 6 73 63 95 39 100 94 136 177 192 31 115 75 113 190 5 46 0 189 128 55 121 
21551 | 133.589879 | 133 124 74 96 185 13 107 86 93 104 196 158 116 141 78 156 165 159 108 65 54 144 15 30 72 95 106 123 132 140 84 121 117 161 194 193 198 25 2 33 192 189 167 51 176 18 34 145 27 163 68 43 4 118 91 49 35 16 178 14 12 171 113 131 102 87 75 53 59 147 9 88 128 50 42 143 24 122 80 138 81 170 172 36 22 5 57 112 109 98 173 166 180 71 85 89 162 29 26 28 179 119 101 44 0 58 142 40 139 92 90 130 70 23 19 186 46 191 94 111 83 63 129 103 97 137 152 11 149 160 20 41 150 190 56 77 120 67 73 175 48 164 134 184 146 47 37 99 82 135 76 126 69 115 148 187 199 79 168 174 38 181 182 45 169 197 32 52 151 21 155 195 17 157 64 125 62 10 61 136 100 66 114 60 105 39 177 7 3 153 31 183 6 1 110 127 154 55 188 8 
