DataSet:	circ200
RunTime:	2022-6-1 22:9:56
Method:	GeneticAlg2
Params:	P:500 E:300000 SR:0.500000
DataPath:	./resources/datasets/circ200.txt

################################################################################

500 | 159.167458 | 187 23 132 151 104 198 181 188 62 175 123 90 101 80 189 152 40 170 109 135 193 93 165 147 33 178 55 74 134 45 149 53 56 49 35 21 43 121 117 92 75 13 9 7 110 160 70 25 65 185 32 31 195 103 124 22 186 150 8 106 133 79 95 1 131 138 174 66 68 167 77 114 169 14 18 139 5 6 59 84 166 34 46 168 86 102 19 144 57 162 73 173 16 192 85 38 194 141 129 155 24 116 137 61 63 30 190 26 182 199 50 177 180 130 127 96 145 120 78 69 112 10 11 191 17 36 159 113 51 140 88 54 27 142 67 29 28 48 108 89 52 125 136 157 71 148 2 12 171 154 184 126 4 197 15 164 58 44 156 196 143 146 176 60 41 82 37 83 183 20 163 0 158 105 118 97 81 153 39 94 91 64 179 161 47 76 122 128 42 115 99 3 107 98 172 87 111 119 72 100 
2000 | 158.017022 | 187 132 151 104 198 181 188 62 175 123 90 101 80 189 152 23 40 170 109 33 135 25 193 93 165 147 178 55 74 134 45 149 53 56 49 21 43 121 117 92 75 13 9 7 110 160 70 65 185 195 103 124 22 186 150 35 8 106 133 79 95 1 131 37 138 174 27 66 68 167 77 114 34 169 36 14 18 139 5 6 59 84 166 30 46 168 86 102 19 32 144 57 162 73 173 16 192 85 194 141 129 155 116 137 61 63 190 182 199 50 177 180 130 127 96 145 120 78 69 112 10 38 11 191 17 159 113 51 31 140 88 54 142 67 48 108 89 29 24 52 125 136 157 71 148 2 12 171 154 184 126 4 197 15 164 58 44 156 196 143 146 176 60 41 82 83 183 20 28 163 0 158 105 118 97 81 153 39 94 91 64 179 161 47 76 122 128 42 115 99 3 107 98 172 26 87 111 119 72 100 
3250 | 155.870446 | 64 97 196 68 74 96 195 48 91 116 103 186 117 47 149 38 83 104 94 161 78 167 139 62 131 145 101 28 172 12 15 115 121 194 76 60 150 3 23 10 130 151 4 13 34 2 199 187 112 183 190 33 102 156 180 45 19 179 52 160 138 88 87 133 135 40 189 18 170 81 39 191 86 114 67 140 65 158 127 51 50 37 5 153 92 85 31 141 70 175 113 95 71 82 164 6 89 148 8 90 7 73 177 21 1 142 29 185 106 169 36 134 107 93 72 197 30 79 123 17 192 188 137 143 25 69 157 57 162 0 55 41 120 126 178 35 184 59 136 125 181 105 146 11 108 118 16 193 22 176 32 163 53 99 80 119 155 61 128 46 63 152 166 66 77 84 124 58 56 54 168 129 109 111 171 26 198 9 24 20 182 132 14 174 154 144 165 42 27 147 49 44 159 43 98 122 75 173 100 110 
4501 | 154.335399 | 120 100 159 175 61 145 10 46 186 177 96 152 78 163 67 8 133 74 119 32 134 102 155 109 63 161 85 114 7 174 54 160 22 198 2 195 39 47 72 187 157 81 89 35 117 98 75 122 166 41 25 128 148 45 130 108 113 49 193 164 18 6 167 172 162 178 24 20 57 182 55 44 185 40 38 14 192 29 56 136 173 104 91 131 153 64 143 34 52 118 71 135 66 139 33 92 95 16 15 87 124 129 147 42 183 12 116 140 82 158 76 53 48 58 150 37 188 123 83 68 144 73 146 59 105 121 1 11 168 60 26 17 191 80 194 184 88 138 97 126 190 189 13 165 110 93 79 112 181 27 28 111 137 94 77 107 31 4 196 99 50 106 90 36 9 142 70 149 154 199 132 62 51 103 69 23 179 21 197 65 30 176 3 180 101 141 171 125 86 156 84 115 43 170 19 169 127 0 151 5 
4751 | 152.409461 | 120 100 159 175 61 145 10 46 186 177 96 78 163 67 8 133 74 119 32 134 102 155 109 63 161 85 114 7 174 54 160 22 198 2 195 39 47 72 187 157 81 89 35 117 98 75 122 166 41 25 128 148 45 130 108 113 49 193 164 18 6 167 172 162 151 178 24 20 57 182 55 44 185 40 38 14 192 29 56 136 173 104 91 131 153 64 143 34 52 118 71 135 66 139 33 92 95 16 15 87 124 129 147 42 183 12 116 140 82 158 76 53 48 58 150 37 188 123 83 68 144 73 146 59 105 121 1 11 168 60 26 17 191 152 80 194 184 88 138 97 126 190 189 13 165 110 93 79 112 181 27 28 111 137 94 77 107 31 4 196 99 50 106 90 36 9 142 70 149 154 199 132 62 51 103 69 23 179 21 197 65 30 176 3 180 101 141 171 125 86 156 84 115 43 170 19 169 127 0 5 
