DataSet:	circ200
RunTime:	2022-5-31 13:41:51
Method:	GeneticAlg2
Params:	P:500 E:300000 SR:0.500000
DataPath:	./resources/datasets/circ200.txt

################################################################################

500 | 163.132646 | 71 48 66 166 177 33 50 64 160 49 124 144 147 129 125 34 17 82 146 41 4 19 1 93 121 119 148 83 130 79 142 152 58 37 26 36 56 15 90 78 0 76 40 168 154 84 112 153 138 106 73 174 9 8 11 29 198 31 127 18 61 67 62 139 162 165 114 192 118 176 5 185 12 45 55 184 30 27 81 136 128 145 53 189 132 107 199 196 70 63 115 60 134 80 20 169 105 94 157 98 171 22 14 23 28 85 137 161 126 104 181 191 91 96 151 68 170 173 110 120 140 175 178 97 54 6 116 35 89 117 92 179 46 190 103 133 167 172 180 3 193 156 32 183 122 186 86 77 74 95 195 159 197 42 51 69 65 57 88 187 2 24 123 155 44 163 141 158 59 131 10 135 108 87 21 25 43 100 109 72 194 39 52 182 7 13 143 99 149 16 111 75 150 101 38 164 102 113 188 47 
1250 | 161.306235 | 148 1 12 108 114 10 191 71 134 167 192 30 23 189 158 101 110 199 197 103 117 102 70 41 24 47 122 87 184 127 173 22 51 164 73 80 196 175 121 74 55 139 62 52 153 141 42 112 90 143 149 4 28 147 39 66 135 81 145 172 170 69 156 144 16 185 154 113 125 75 123 7 194 187 49 21 124 107 29 61 146 133 129 26 120 78 174 79 115 27 86 34 177 193 18 128 118 198 40 168 45 53 33 181 58 138 169 15 126 94 151 54 43 31 3 186 92 5 183 77 180 64 65 57 14 56 60 59 82 0 105 36 37 89 46 160 96 32 136 109 85 72 91 179 88 83 155 132 131 13 176 161 68 142 166 9 8 171 98 119 99 100 195 95 163 44 165 6 2 159 63 188 11 19 178 116 93 67 17 182 140 162 152 190 97 20 104 76 50 150 35 84 111 25 130 137 48 157 106 38 
2000 | 157.734149 | 117 121 87 68 129 161 197 64 65 94 4 146 100 119 27 32 51 179 169 160 19 48 63 29 56 187 133 181 6 172 174 120 158 58 118 143 142 35 99 108 79 182 11 31 113 93 114 89 40 137 185 57 73 25 71 86 139 149 180 43 37 105 61 198 1 44 134 17 130 131 53 151 186 5 10 33 26 16 156 110 176 123 96 14 55 115 81 34 28 67 175 196 144 69 188 20 22 112 88 107 104 92 145 152 59 147 50 193 157 91 90 75 72 136 83 42 70 76 125 170 168 148 98 126 36 52 7 95 166 164 60 101 106 62 183 138 116 12 199 162 85 150 84 80 184 190 153 38 2 167 189 124 141 13 155 163 23 195 47 103 194 111 77 177 21 45 54 0 140 74 30 97 102 109 128 82 9 173 66 159 132 154 49 135 78 192 171 24 191 41 3 178 46 8 15 18 127 122 165 39 
3750 | 155.298305 | 127 85 64 153 117 27 197 174 32 196 51 116 109 19 129 170 48 124 132 113 110 4 29 139 168 13 193 184 186 155 35 148 61 65 9 31 80 5 176 199 187 162 40 74 161 163 25 6 158 126 133 72 43 105 37 78 86 98 44 144 192 17 190 1 134 171 11 82 8 33 172 26 16 145 195 14 81 69 2 10 100 165 34 141 28 60 121 68 20 0 22 178 3 183 91 62 99 130 76 154 73 57 50 87 160 120 140 159 103 42 142 90 157 180 77 150 169 55 191 36 185 52 146 151 84 92 125 63 138 181 96 111 128 107 101 12 97 118 123 114 53 70 88 164 182 79 38 179 7 59 102 198 131 173 23 166 54 47 71 115 112 143 135 189 188 21 156 45 93 95 30 175 108 89 122 75 104 83 106 56 152 49 194 137 24 177 41 66 136 46 58 15 94 18 149 119 147 67 39 167 
4500 | 148.248560 | 148 1 12 108 114 10 191 71 134 167 192 189 158 101 110 199 197 103 117 102 70 47 122 87 184 127 173 51 164 73 80 26 196 175 121 74 55 139 62 52 153 141 42 112 90 143 149 4 147 66 135 81 145 172 170 69 156 144 16 20 185 154 113 32 125 75 123 7 194 27 22 187 49 124 107 61 146 133 129 120 78 174 79 115 86 177 24 34 193 18 128 118 198 168 45 53 181 58 138 169 15 126 94 151 33 54 43 3 28 186 92 5 183 77 180 64 65 57 14 56 60 59 82 38 0 21 105 89 46 160 96 31 136 109 85 35 72 91 25 179 37 88 83 155 132 131 13 23 176 161 68 142 166 9 8 171 98 119 99 100 195 95 39 163 44 165 6 2 29 159 63 36 188 11 19 178 41 116 93 67 17 182 140 162 152 190 30 97 104 76 50 150 84 111 40 130 137 48 157 106 
7002 | 146.873879 | 148 1 12 108 114 10 191 71 134 167 192 189 158 101 110 199 197 103 117 102 70 47 122 87 184 127 51 164 73 80 26 196 175 121 74 55 139 62 52 153 141 42 112 90 143 149 4 147 66 135 81 145 170 69 156 144 16 20 185 154 113 32 125 75 123 7 194 27 22 187 49 124 107 61 146 133 129 120 78 174 79 115 86 177 24 34 193 18 128 118 198 168 45 53 181 58 138 169 15 126 94 151 33 54 43 173 3 28 186 92 5 183 77 180 64 65 57 14 56 60 59 82 38 0 172 21 105 89 46 160 96 31 136 109 85 35 72 91 25 179 37 88 83 155 132 131 13 23 176 161 68 142 166 9 8 171 98 119 99 100 195 95 39 163 44 165 6 2 29 159 63 36 188 11 19 178 41 116 93 67 17 182 140 162 152 190 30 97 104 76 50 150 84 111 40 130 137 48 157 106 
10005 | 145.941399 | 198 85 64 153 117 27 197 174 32 196 146 51 116 109 19 100 129 170 48 124 113 133 110 4 29 168 13 193 184 186 143 155 35 148 142 61 80 65 9 31 5 176 74 187 162 40 161 163 137 72 25 6 158 126 78 139 86 98 43 105 37 44 192 17 190 134 1 171 82 11 8 33 172 26 16 195 14 81 69 2 10 165 34 144 28 60 121 68 20 0 183 22 178 3 91 145 62 99 76 147 73 154 57 87 50 160 120 130 159 90 103 42 77 157 180 150 169 55 136 191 36 185 52 151 84 92 125 63 96 181 97 111 101 12 118 138 123 114 70 53 88 164 141 107 79 182 38 179 199 7 59 102 173 23 166 54 47 71 115 112 140 189 188 21 156 45 93 95 30 175 108 89 122 75 132 128 104 83 106 56 152 49 194 135 24 177 41 66 131 46 58 94 15 18 149 127 119 67 39 167 
10508 | 145.332776 | 85 64 117 121 153 27 197 196 174 32 116 146 109 170 19 113 110 119 129 4 29 63 56 133 168 13 193 184 186 35 48 143 155 148 120 65 142 58 118 31 9 5 176 187 199 40 74 162 137 161 163 25 6 158 57 43 37 139 78 105 86 98 44 82 134 61 192 17 190 1 171 11 33 53 172 8 26 16 195 69 81 14 34 2 144 55 123 100 10 165 28 68 80 22 20 0 145 178 3 183 91 76 147 99 130 59 154 87 42 160 103 136 159 90 77 83 180 157 125 150 36 169 191 51 185 151 126 138 84 92 72 181 96 60 111 107 128 12 50 101 62 97 49 70 114 79 141 52 88 124 164 38 182 7 179 102 198 23 47 173 71 166 115 112 140 45 189 21 156 54 188 30 93 95 75 175 132 108 89 104 106 152 24 194 41 66 135 46 177 73 131 15 94 18 149 67 127 122 39 167 
10758 | 143.323395 | 127 85 68 117 153 27 197 174 32 196 51 146 75 116 109 19 59 129 170 48 113 124 110 4 133 29 168 65 13 193 77 184 143 155 186 35 148 142 9 31 5 199 176 187 40 162 73 137 161 163 25 6 71 158 126 43 37 139 105 86 98 60 44 192 134 82 17 190 1 171 11 8 33 26 172 16 14 195 81 2 10 100 165 34 28 144 80 20 69 121 74 22 0 3 178 183 91 99 145 57 147 50 87 130 154 42 103 72 160 90 120 83 136 159 70 157 55 180 36 150 191 169 185 52 84 92 151 138 96 111 125 12 181 107 101 97 128 61 66 118 53 123 88 114 38 164 79 141 182 7 102 179 64 198 23 47 173 166 54 78 115 112 140 76 21 189 45 156 188 175 30 93 122 95 63 132 108 89 104 62 106 152 56 49 135 24 194 177 41 46 131 58 15 18 67 94 149 119 39 167 
12012 | 142.868013 | 127 85 79 117 27 197 174 32 196 51 73 116 109 129 19 170 48 124 132 113 110 154 4 29 81 139 168 13 193 184 186 35 148 55 9 62 31 52 176 199 5 187 162 161 40 158 163 152 25 6 126 133 43 105 37 86 80 98 44 144 192 17 61 190 1 134 11 70 171 8 157 75 33 172 26 16 72 145 195 14 2 165 10 100 53 69 141 78 153 34 28 58 121 20 22 0 178 3 183 54 91 160 99 130 159 64 65 50 87 120 57 140 56 60 103 150 59 142 42 90 77 180 169 191 185 36 151 146 84 92 125 138 181 96 111 128 101 107 97 12 74 118 123 114 71 66 88 164 182 38 179 7 198 155 131 82 102 173 23 166 47 115 112 143 135 189 21 188 45 63 93 95 30 156 175 108 89 68 122 104 83 106 49 194 24 76 137 41 67 177 46 136 15 94 149 18 119 147 39 167 
12513 | 142.163217 | 85 64 153 117 27 197 174 35 196 51 146 109 116 19 129 48 170 124 113 110 4 133 29 70 168 13 193 184 186 32 143 155 61 65 148 142 31 9 5 199 40 69 74 187 176 162 25 6 161 43 163 137 37 78 158 105 86 126 98 44 139 82 17 192 1 11 190 67 134 8 33 171 26 16 14 195 172 81 2 10 34 100 165 60 144 28 80 121 20 22 62 0 183 3 178 91 76 57 145 99 50 68 147 154 87 71 160 42 120 130 103 159 90 77 83 55 157 180 150 169 52 36 136 191 185 151 84 63 92 125 96 181 111 72 12 118 107 138 101 97 123 114 53 164 141 79 88 38 182 179 7 102 59 198 173 23 166 47 54 115 112 140 156 189 21 188 30 45 175 93 95 75 66 122 108 89 132 128 104 106 152 24 41 56 135 49 194 177 46 131 58 15 18 94 149 127 73 119 39 167 
13268 | 139.885313 | 127 95 85 64 153 27 117 197 174 32 196 51 146 109 116 19 129 170 48 124 113 110 4 29 133 168 184 13 193 186 143 35 155 61 65 148 142 9 31 5 199 74 176 187 162 40 137 161 25 163 6 98 158 43 105 78 126 86 37 139 93 192 44 82 134 17 190 1 171 11 8 33 172 26 195 16 100 69 81 14 2 10 165 34 28 60 144 68 121 99 91 80 178 20 22 183 0 3 62 76 145 57 147 130 87 154 50 160 90 120 136 42 77 103 159 83 180 157 55 150 169 36 185 191 52 84 63 151 138 72 181 125 12 111 94 97 128 101 107 70 118 53 123 114 79 88 164 182 141 179 38 7 198 59 102 173 23 166 54 47 71 115 112 96 140 189 188 21 45 156 175 30 75 122 89 132 108 92 104 56 152 106 49 194 24 135 177 41 66 46 131 58 15 73 18 149 119 67 39 167 
13518 | 138.217472 | 127 85 64 153 117 82 27 197 32 174 196 51 116 109 129 19 170 48 124 132 113 110 4 29 168 139 184 13 193 186 35 155 148 61 65 9 31 5 199 176 74 187 40 162 163 161 25 6 78 126 158 43 133 37 105 86 98 192 144 44 134 17 190 1 171 11 8 33 172 26 195 145 16 69 14 2 10 100 34 165 28 141 60 121 68 80 20 22 183 0 3 178 62 76 91 99 130 154 57 160 50 120 87 140 159 42 103 142 157 77 90 150 83 55 180 169 36 185 191 146 52 151 63 84 125 92 72 138 12 111 181 128 96 107 101 70 97 118 123 53 79 114 88 164 182 38 179 102 7 198 131 59 173 23 166 143 54 115 47 71 112 135 189 188 21 45 156 93 95 30 175 108 75 89 81 122 104 152 56 106 49 194 177 137 24 136 66 41 46 58 94 73 15 149 18 119 147 67 39 167 
14021 | 136.987984 | 127 95 153 85 117 64 197 174 27 134 196 32 51 116 109 129 19 170 48 124 113 110 4 168 193 29 184 186 13 155 148 139 61 35 65 80 9 31 176 5 199 187 162 74 126 40 141 72 161 163 25 6 158 135 93 78 105 98 86 43 144 37 44 192 1 17 190 171 82 11 8 172 33 145 26 195 16 14 81 2 69 133 100 10 165 34 121 28 60 68 20 178 3 183 0 22 130 91 99 138 76 120 73 154 57 87 160 50 159 103 157 42 180 90 150 77 169 55 191 125 185 36 146 52 151 84 111 63 181 128 94 136 107 118 101 97 123 114 12 70 132 53 88 164 131 79 142 38 59 182 102 179 7 198 173 23 166 54 47 71 115 112 96 143 189 188 156 21 45 30 175 89 108 75 122 104 92 83 106 140 62 56 152 49 194 177 24 41 66 46 58 15 149 18 119 137 147 67 39 167 
14271 | 136.199075 | 127 85 64 153 117 27 197 174 32 196 146 51 116 109 129 19 170 48 124 132 113 110 4 29 168 13 193 184 155 143 186 35 148 142 61 65 31 176 9 5 199 40 162 187 74 137 161 25 163 158 43 6 37 126 78 133 139 98 105 81 44 86 192 82 17 171 190 1 134 33 172 11 8 26 195 16 69 165 14 2 34 10 100 60 144 28 68 121 80 20 22 178 0 183 3 62 91 76 99 130 154 57 160 145 50 147 87 92 120 42 159 103 90 136 77 83 180 157 55 150 169 36 185 191 52 151 84 96 63 125 72 181 12 138 111 128 107 97 101 70 118 123 53 114 79 164 38 182 88 179 141 7 198 59 23 173 102 131 166 54 47 71 115 112 189 45 188 140 21 30 93 95 156 175 75 108 89 122 104 56 106 152 49 24 194 41 177 135 94 66 46 58 73 15 18 149 119 67 39 167 
14522 | 135.707498 | 127 85 64 153 117 27 197 174 32 196 146 51 116 109 129 19 170 48 124 132 113 110 4 29 168 13 193 184 155 143 186 35 148 142 61 65 31 176 9 5 199 162 40 187 74 137 161 25 163 158 43 6 126 37 78 133 139 98 105 81 44 86 192 82 17 171 190 1 134 33 172 11 8 26 195 16 69 165 14 2 10 34 100 60 144 28 68 121 80 20 22 178 0 183 3 62 91 76 99 130 154 57 160 145 50 147 87 92 120 42 159 103 90 136 77 83 180 157 55 150 36 169 185 191 52 151 84 96 63 125 72 181 12 138 111 128 107 97 101 70 118 123 53 114 79 164 182 88 38 179 141 7 198 59 23 173 102 131 166 54 47 71 115 112 189 45 188 140 21 30 93 95 156 175 75 108 89 122 104 56 106 152 49 24 194 177 41 135 94 66 46 58 73 15 18 149 119 67 39 167 
14773 | 133.466013 | 127 85 153 68 117 27 197 32 174 196 134 64 116 65 109 129 51 19 170 124 113 110 48 168 4 29 13 193 184 155 186 148 139 60 35 176 9 31 5 199 162 187 126 74 141 40 161 163 25 158 6 135 43 78 105 37 86 98 144 44 82 192 17 190 171 1 11 8 172 33 26 145 16 69 81 63 133 195 14 2 100 10 165 34 121 80 28 20 0 22 178 3 183 76 91 130 67 138 99 57 154 50 120 87 62 160 159 103 157 77 90 42 150 83 169 180 194 55 146 36 191 151 185 52 125 84 92 72 128 136 181 111 96 107 12 101 118 97 123 70 114 132 53 164 79 88 131 142 38 7 182 59 102 179 198 23 173 166 54 47 71 115 112 143 189 188 21 156 45 30 93 175 108 75 95 122 89 104 140 106 56 152 49 66 24 177 41 46 58 73 15 18 149 137 94 119 147 61 39 167 
16034 | 133.117705 | 127 85 153 64 117 27 197 174 32 196 146 51 116 109 129 19 170 48 124 132 113 110 4 29 168 13 193 184 155 143 186 35 148 142 61 65 31 9 5 176 199 187 162 40 74 137 161 25 163 158 43 126 6 37 72 133 139 98 105 78 81 44 86 82 192 17 190 171 1 134 33 172 11 8 26 195 16 14 2 10 165 34 100 69 144 28 60 80 121 20 68 22 178 0 3 183 91 62 99 130 76 154 73 160 145 147 87 57 92 120 42 159 180 50 103 90 136 83 157 77 150 169 36 185 191 55 151 52 125 84 181 96 63 12 138 111 128 107 97 101 118 123 53 114 79 70 182 164 88 38 179 141 7 198 59 173 23 166 102 131 54 47 71 115 112 189 188 45 140 21 175 30 93 95 156 75 108 89 122 104 106 152 56 49 194 24 177 41 135 94 66 46 58 15 18 149 119 67 39 167 
16285 | 129.651419 | 127 85 153 64 117 27 197 174 32 196 51 116 109 129 19 170 48 124 132 113 110 4 29 168 13 193 184 186 143 155 35 148 142 61 65 31 9 5 176 199 187 162 40 74 137 25 161 163 43 126 6 37 158 72 133 139 98 105 78 81 44 86 82 17 192 1 190 171 134 33 11 8 172 26 16 14 195 2 10 34 100 69 144 28 165 60 80 121 20 68 22 178 3 183 0 91 62 99 130 76 73 154 145 87 57 160 92 120 159 42 157 50 180 103 150 90 136 169 83 77 191 185 36 146 151 55 52 125 84 181 96 63 12 138 111 128 107 97 101 118 123 53 114 164 79 70 88 182 38 179 141 198 7 173 59 23 166 102 131 54 47 71 115 112 189 188 156 45 140 21 175 30 93 95 75 108 89 122 104 106 152 56 49 194 24 177 41 135 94 66 46 58 149 15 18 119 147 67 39 167 
16788 | 129.110423 | 127 85 198 64 153 117 27 197 32 174 146 196 51 116 109 129 19 170 48 124 132 113 110 29 4 13 168 193 184 186 143 35 148 155 142 61 65 31 9 5 176 187 40 162 74 137 161 163 6 25 158 43 37 126 78 133 139 105 81 86 98 44 82 192 17 190 8 1 171 11 134 33 172 26 195 16 69 14 2 10 34 165 100 60 144 28 68 121 80 20 22 0 178 3 183 62 91 76 99 130 154 145 147 57 87 42 120 160 103 90 136 159 50 83 77 157 180 169 150 36 191 185 151 55 63 84 92 52 125 72 181 12 96 138 111 128 107 101 97 70 118 123 164 53 114 79 7 182 38 179 88 199 141 59 173 23 166 102 131 54 47 71 115 112 189 188 21 156 45 140 175 30 93 95 75 108 89 122 104 106 152 56 49 194 24 177 41 135 66 58 46 73 15 18 94 149 119 67 39 167 
17804 | 128.965434 | 127 85 198 64 153 117 27 197 32 174 146 196 51 116 109 129 19 170 48 124 132 113 110 29 4 13 168 193 184 186 143 35 148 155 142 61 65 31 9 5 176 187 162 40 74 137 161 6 25 163 158 43 37 126 78 133 139 105 81 86 98 44 82 192 17 190 8 1 171 11 134 33 172 26 195 16 69 14 2 10 34 165 100 60 144 28 68 121 80 20 22 0 178 3 183 62 91 76 99 130 154 145 147 57 87 42 120 160 103 90 136 159 50 83 77 157 180 169 150 36 191 185 151 55 63 84 92 52 125 72 181 12 96 138 111 128 107 101 97 70 118 123 53 164 114 79 7 182 38 179 88 199 141 59 173 23 166 102 131 54 47 71 115 112 189 188 21 156 45 140 175 30 93 95 75 108 89 122 104 106 152 56 49 194 24 177 41 135 66 58 46 73 15 18 94 149 119 67 39 167 
18820 | 126.393654 | 127 85 64 153 117 27 197 174 32 196 51 146 116 109 170 19 129 48 124 113 110 133 4 29 168 13 193 184 186 143 35 148 155 142 61 65 31 9 5 176 162 199 187 40 137 74 161 163 25 6 158 43 126 37 139 86 78 98 105 44 82 134 192 17 190 171 1 33 172 11 8 26 195 81 16 69 14 2 10 165 34 100 60 144 28 121 68 80 20 22 178 0 183 3 62 145 76 91 99 130 57 154 50 87 150 160 120 42 136 159 103 90 77 83 180 157 169 55 36 185 191 151 52 138 92 96 84 125 63 72 181 12 128 111 107 97 101 70 118 123 53 164 79 114 88 141 182 38 179 7 59 198 173 23 166 102 54 47 115 71 140 112 189 188 156 45 175 21 30 93 95 132 75 108 122 89 104 106 56 152 49 24 135 194 177 41 66 131 46 58 94 73 15 18 149 147 119 67 39 167 
19325 | 125.376319 | 127 85 64 153 117 27 197 174 32 196 51 146 116 109 129 170 19 48 124 132 113 110 133 4 29 168 13 193 184 186 143 35 148 155 142 61 65 31 9 5 176 162 199 187 40 137 74 161 163 25 6 158 43 37 126 139 86 78 98 105 44 82 134 192 17 190 171 1 33 172 11 8 26 195 81 16 69 14 2 10 165 34 100 60 144 28 68 80 121 20 22 178 0 183 3 62 145 76 91 99 130 57 154 50 87 150 160 42 136 120 159 103 90 77 83 180 157 169 55 36 185 191 151 52 138 92 96 84 63 72 125 181 12 111 107 128 97 101 70 118 53 123 164 79 114 88 141 182 38 179 7 59 198 173 23 166 102 54 131 47 115 71 140 112 189 188 156 45 175 21 30 93 95 75 108 89 104 106 122 56 152 49 24 135 194 177 41 66 46 58 94 73 15 18 149 147 119 67 39 167 
19575 | 124.931921 | 127 85 153 64 117 27 197 174 32 196 146 51 116 109 19 170 129 48 124 113 110 4 29 133 168 13 193 184 186 143 35 148 155 61 142 65 31 9 5 176 162 199 40 187 74 137 161 163 25 158 43 72 37 6 126 78 139 105 86 98 44 82 134 192 17 190 1 171 11 33 172 8 195 16 26 81 69 14 2 10 165 34 100 144 60 28 68 121 80 20 0 22 178 3 183 62 145 91 76 99 57 130 154 50 150 73 160 87 120 136 42 159 103 90 77 83 180 157 55 169 191 185 36 151 52 138 92 84 125 63 181 12 111 128 96 101 97 118 123 114 70 53 164 79 88 141 107 182 38 179 7 198 23 59 173 166 102 54 47 71 140 115 112 189 188 156 45 175 21 30 108 75 132 93 122 95 104 89 106 152 56 135 49 194 24 177 41 131 66 46 58 15 18 94 149 147 119 67 39 167 
20339 | 118.983396 | 127 85 64 153 117 27 197 174 32 196 146 51 116 109 129 19 48 170 124 132 113 110 4 29 168 193 13 184 186 143 155 35 148 142 61 65 31 9 5 176 199 187 162 40 74 137 161 25 163 158 43 6 126 72 133 37 139 78 86 105 98 44 82 192 17 190 1 33 134 11 171 8 172 26 195 16 81 69 14 2 10 34 165 100 60 144 28 68 121 80 20 0 22 183 3 178 62 91 76 130 99 154 160 145 57 147 50 73 87 120 159 42 136 103 90 157 77 83 180 55 150 169 191 185 36 52 151 92 84 125 63 181 12 138 111 96 128 107 101 97 118 123 70 164 53 79 114 88 182 179 38 141 7 198 59 23 173 166 102 131 54 47 71 115 112 189 188 156 45 140 21 30 175 75 93 95 108 122 89 104 106 56 152 49 194 24 177 41 135 66 46 58 15 18 94 149 119 67 39 167 
22885 | 118.749544 | 127 85 64 117 153 27 197 174 32 196 146 51 116 109 129 19 170 48 124 113 132 110 4 29 168 13 193 184 59 143 35 148 155 142 61 65 31 9 5 176 199 187 162 40 74 137 161 163 25 6 158 43 126 72 37 139 133 78 98 105 81 86 44 82 17 192 1 190 171 134 33 11 8 172 26 195 16 14 2 10 100 69 165 34 28 60 144 121 68 80 20 22 0 178 183 3 91 62 76 145 99 130 73 154 57 87 160 92 120 50 150 42 157 103 90 77 159 136 83 180 169 55 185 36 191 151 138 52 84 125 96 63 181 12 111 128 107 97 101 118 123 164 114 53 79 70 88 141 38 182 179 7 198 186 23 173 166 102 131 54 47 71 115 140 112 189 188 21 156 45 175 30 93 95 75 108 122 89 104 106 152 56 49 24 194 177 41 135 94 66 46 58 149 15 18 147 119 67 39 167 
23138 | 118.129341 | 127 85 64 153 117 27 197 174 32 196 146 51 116 109 129 19 170 48 124 113 110 133 4 29 168 193 13 184 186 143 35 148 155 142 61 65 31 9 5 176 199 187 162 40 74 137 161 163 25 43 158 6 126 37 139 78 98 105 81 86 44 82 192 17 1 171 190 134 33 11 172 8 26 16 195 69 14 2 10 34 165 100 60 144 28 80 121 68 20 22 178 3 0 183 62 91 76 99 130 154 57 145 50 160 147 92 87 120 42 159 103 77 90 136 83 169 157 180 150 55 36 191 185 52 151 72 125 84 63 96 181 12 128 138 111 107 97 70 101 123 118 79 53 114 88 164 38 182 179 198 7 59 141 173 23 166 102 71 47 54 115 112 156 189 188 45 140 21 175 30 93 132 75 95 108 89 122 104 106 56 152 49 24 177 194 41 135 66 94 73 131 58 46 15 18 149 119 67 39 167 
23899 | 117.117061 | 127 85 64 117 153 27 197 174 32 196 146 51 116 109 129 19 170 48 124 132 113 110 4 29 168 193 13 184 186 143 35 148 155 142 61 65 31 9 5 176 199 187 162 40 74 137 161 163 25 158 43 6 37 126 72 139 133 78 98 105 81 86 44 82 192 17 1 190 171 134 33 11 172 8 26 16 195 14 2 69 10 34 100 60 165 28 144 68 121 80 20 22 178 3 0 62 183 91 99 76 145 73 130 57 154 50 160 87 92 150 42 157 120 90 103 83 159 77 55 136 180 169 36 191 185 151 52 84 138 63 125 96 181 12 111 128 118 97 101 123 53 164 114 79 70 141 88 107 38 182 179 198 7 59 173 23 166 102 54 47 131 71 115 112 140 189 188 45 156 21 175 30 75 108 93 95 122 89 104 106 56 152 49 24 177 194 41 135 94 66 46 58 149 15 18 119 147 67 39 167 
