DataSet:	circ200
RunTime:	2022-5-31 12:31:23
Method:	GeneticAlg2
Params:	P:500 E:300000 SR:0.500000
DataPath:	./resources/datasets/circ200.txt

################################################################################

500 | 155.470504 | 23 39 124 118 161 148 185 135 62 138 64 97 36 92 173 144 149 54 27 151 68 129 33 15 26 199 196 59 0 180 189 110 58 38 47 95 86 153 130 163 105 131 108 140 60 113 10 147 193 198 17 34 184 49 125 48 21 13 70 106 133 88 187 8 145 31 3 72 22 9 190 7 45 51 84 183 5 18 1 197 128 152 42 16 30 14 150 29 94 112 122 40 164 154 168 81 57 80 155 143 37 115 136 123 44 126 71 41 102 24 192 76 156 176 19 181 177 91 162 25 194 89 174 12 98 20 85 103 83 87 107 61 63 134 50 119 77 178 175 117 127 93 35 146 52 165 28 171 170 109 120 74 32 169 67 179 167 78 73 158 2 111 141 100 56 82 182 186 66 69 65 159 157 139 11 172 55 166 96 104 75 116 188 195 101 90 132 142 191 43 46 121 99 114 79 53 4 6 137 160 
1252 | 155.419384 | 23 39 124 118 161 148 185 135 62 138 64 97 36 92 173 144 149 54 27 151 68 129 33 15 26 199 196 59 0 180 189 110 58 38 47 95 86 153 130 163 105 131 108 140 60 113 10 147 3 198 17 34 184 49 125 48 21 13 70 106 133 88 187 8 145 31 193 72 22 9 190 7 45 51 84 183 5 18 1 197 128 152 42 16 30 14 150 29 94 112 122 40 164 154 168 81 57 80 155 143 37 115 136 123 44 126 71 41 102 24 192 76 156 176 19 181 177 91 162 25 194 89 174 12 98 20 85 103 83 87 107 61 63 134 50 119 77 178 175 117 127 93 35 146 52 165 28 171 170 109 120 74 32 169 67 179 167 78 73 158 2 111 141 100 56 82 182 186 66 69 65 159 157 139 11 172 55 166 96 104 75 116 188 195 101 90 132 142 191 43 46 121 99 114 79 53 4 6 137 160 
4752 | 155.096402 | 23 39 135 124 118 161 185 62 64 97 36 92 173 149 54 27 151 68 129 33 15 26 199 196 144 59 0 180 189 110 58 38 47 95 86 153 130 163 105 131 108 60 138 113 10 139 3 198 17 34 184 143 49 125 48 21 13 70 106 133 88 145 187 8 31 193 72 22 9 190 7 45 51 84 142 183 5 18 136 1 197 128 152 42 16 30 14 150 29 94 112 122 40 164 148 154 168 81 57 80 155 37 115 123 44 126 71 41 102 24 192 76 156 176 19 181 177 91 162 25 194 89 174 12 98 20 85 103 83 87 107 61 63 134 50 119 77 178 175 117 127 93 137 35 52 165 28 171 170 109 120 147 74 32 169 67 179 167 78 73 158 2 111 100 56 82 182 186 66 69 65 159 157 11 172 55 140 166 96 104 75 116 188 195 101 90 132 191 43 146 46 121 99 114 141 79 53 4 6 160 
5002 | 153.713609 | 198 155 38 44 192 133 30 196 147 49 78 197 177 32 178 129 22 7 0 58 186 164 141 3 90 118 146 48 28 176 59 184 152 52 172 33 175 15 122 125 119 132 154 98 63 161 99 109 89 101 159 70 182 145 116 165 51 144 163 2 53 110 131 43 34 162 169 137 19 1 85 26 79 180 36 46 68 115 55 17 18 104 107 83 174 92 60 75 149 151 123 135 76 35 120 84 189 54 74 143 61 114 96 100 29 166 97 42 199 82 126 67 80 193 94 91 81 77 23 8 62 170 124 12 6 24 157 121 117 153 65 40 13 56 102 27 16 167 130 113 72 39 71 142 64 128 95 37 5 187 105 88 112 188 47 179 139 73 87 108 134 41 50 158 45 183 106 138 185 14 9 168 25 191 10 171 4 190 21 11 181 127 136 194 150 57 156 69 140 103 86 93 111 66 160 31 195 20 173 148 
5252 | 153.262248 | 155 27 10 18 67 137 125 99 92 73 118 130 141 46 23 180 3 187 4 13 57 145 9 123 34 164 132 78 64 122 95 107 86 100 53 63 176 172 199 181 134 149 194 198 154 128 161 124 142 16 81 35 159 19 165 41 182 84 88 44 177 163 112 62 75 76 162 169 121 50 146 21 71 77 196 185 40 136 113 52 140 70 17 110 20 143 131 144 66 139 135 152 33 94 15 22 51 193 25 2 65 103 43 127 166 45 150 38 14 195 68 61 104 197 39 117 147 105 8 186 170 0 31 157 153 82 83 24 60 91 179 55 58 167 89 115 119 109 85 49 101 87 47 126 97 36 191 106 111 116 72 12 1 190 29 96 93 42 79 151 74 178 5 26 189 174 158 11 6 138 32 168 183 54 171 98 108 114 30 148 120 156 7 59 129 192 48 90 56 69 102 80 188 184 160 133 37 173 28 175 
5752 | 151.002887 | 155 27 10 18 67 137 125 99 92 73 118 130 141 46 23 180 3 187 9 4 13 57 145 123 34 164 132 78 64 122 95 107 86 100 53 63 176 172 199 181 134 149 194 198 154 128 161 124 142 16 81 35 159 19 165 41 182 84 88 44 177 163 112 62 75 76 162 169 121 50 146 21 71 77 196 185 40 136 113 52 140 70 17 110 20 143 131 144 66 139 135 152 33 94 15 22 51 193 25 2 65 103 43 127 166 45 150 38 14 195 68 61 104 197 39 117 147 105 8 186 170 0 31 157 153 82 83 24 60 91 179 55 58 167 89 115 119 109 85 49 101 87 47 126 97 36 191 106 111 116 72 12 1 190 29 96 93 42 79 151 74 178 5 26 189 174 158 11 6 138 32 168 183 54 171 98 108 114 30 148 120 156 7 59 129 192 48 90 56 69 102 80 188 184 160 133 37 173 28 175 
7003 | 145.917202 | 42 29 14 6 192 21 196 133 73 117 129 39 171 22 3 37 145 27 89 198 2 197 10 186 180 25 7 173 175 78 57 69 139 24 125 135 168 157 184 13 170 98 120 119 58 85 99 87 101 67 107 64 50 63 81 34 8 16 182 176 84 48 161 118 66 149 65 75 76 20 38 163 123 28 146 71 77 155 140 59 115 138 104 92 70 144 15 141 45 88 165 31 17 159 111 32 142 126 46 178 189 137 82 83 96 53 158 94 122 124 100 91 97 193 44 164 12 109 54 114 43 199 147 152 47 153 11 55 172 26 130 72 36 113 19 79 102 74 177 106 121 95 128 61 187 105 110 136 188 56 134 60 49 150 51 68 162 5 191 116 183 169 23 132 185 108 151 4 86 90 30 190 154 1 18 62 156 181 179 194 148 167 35 127 0 52 143 80 103 93 9 174 131 112 33 166 41 160 40 195 
9006 | 142.520697 | 42 29 14 6 192 21 133 196 73 39 117 129 22 171 3 37 145 27 89 198 2 197 10 186 180 25 173 175 7 78 139 125 57 69 135 168 24 157 184 170 98 13 120 119 58 85 99 101 87 67 107 64 50 63 81 34 8 182 176 16 161 84 118 48 149 66 65 163 75 123 76 146 20 38 155 28 140 71 115 77 138 104 92 59 144 141 70 88 165 15 45 159 111 142 126 31 17 178 189 32 137 96 46 158 94 82 122 83 124 100 91 53 97 193 164 109 114 44 12 147 54 152 43 199 153 47 172 11 130 55 113 26 72 102 36 177 19 106 121 79 74 95 128 61 187 105 110 136 56 188 60 134 49 150 51 162 68 191 5 116 183 169 132 23 185 108 151 4 86 90 190 30 154 1 18 62 156 181 179 194 148 167 35 127 0 52 143 80 103 93 9 174 131 112 166 33 41 160 40 195 
11512 | 142.117146 | 42 29 14 6 192 21 196 133 73 129 39 171 22 3 117 37 145 27 89 198 2 197 10 186 180 25 7 173 175 78 57 139 24 125 135 168 157 184 13 170 98 120 119 58 68 85 99 118 87 101 107 64 50 63 81 34 8 16 182 176 84 48 161 66 149 65 75 76 20 38 163 123 28 146 71 77 155 140 59 138 112 104 92 70 144 15 69 141 45 88 165 31 17 114 159 32 111 142 126 46 178 189 137 82 83 96 53 158 94 122 124 100 91 97 193 44 164 12 54 109 43 199 147 152 113 47 153 11 55 172 26 130 72 36 19 79 102 74 177 106 121 95 128 61 187 105 115 136 188 56 134 116 60 49 150 110 51 162 5 191 183 169 23 132 185 151 4 108 86 90 30 190 154 1 18 62 156 181 179 194 148 167 67 35 127 0 52 143 80 103 93 9 174 131 33 166 41 160 40 195 
12264 | 141.894038 | 42 29 14 6 192 21 196 133 73 129 39 171 22 3 118 37 145 27 89 198 2 197 10 186 180 25 7 173 175 78 57 139 24 125 135 168 157 184 13 170 98 58 68 85 99 87 101 107 64 50 63 81 34 8 16 182 176 84 48 161 66 149 65 75 76 20 38 163 123 28 146 121 71 77 155 140 59 138 112 104 92 70 144 15 69 141 45 88 165 31 17 114 159 32 111 142 126 46 178 189 137 82 83 96 53 158 94 122 117 124 100 91 97 193 44 164 12 54 109 43 199 147 152 113 47 153 11 55 172 26 130 72 36 19 79 102 115 119 74 177 106 95 128 61 187 105 116 136 188 56 134 60 49 150 110 51 162 5 191 183 169 23 132 185 151 4 108 86 90 30 190 154 1 18 120 62 156 181 179 194 148 167 67 35 127 0 52 143 80 103 93 9 174 131 33 166 41 160 40 195 
12764 | 141.418252 | 42 29 14 6 192 21 196 39 129 73 171 22 3 141 117 37 27 89 198 2 138 197 10 186 173 180 25 175 78 7 125 157 57 139 24 168 184 13 170 98 120 119 58 85 99 132 118 87 136 101 67 107 137 64 50 63 144 81 34 8 16 131 182 134 84 75 176 76 149 48 161 66 65 71 146 20 77 38 155 28 163 123 70 104 59 135 112 92 15 145 45 88 159 114 143 111 165 31 17 32 126 46 189 178 82 83 158 96 53 122 124 94 100 91 97 193 109 44 164 12 113 54 147 43 152 199 47 11 153 55 26 172 36 130 19 106 102 95 61 177 187 188 142 56 121 60 72 128 115 133 49 105 116 79 110 150 51 68 74 5 191 162 183 23 169 185 4 108 86 151 90 30 190 1 18 62 154 181 156 194 179 167 148 35 0 52 127 80 69 140 103 93 9 174 33 166 41 160 40 195 
13264 | 140.929616 | 27 155 42 29 14 6 192 21 196 133 73 129 39 171 3 117 23 37 145 89 198 2 197 10 186 180 7 173 175 78 57 139 125 135 168 184 13 170 98 120 149 119 58 154 68 85 99 118 87 101 107 64 50 159 63 81 34 8 16 182 176 84 48 161 66 65 75 76 20 38 163 123 146 71 77 140 59 138 112 104 92 70 144 15 69 141 45 88 165 152 17 114 22 31 111 25 142 126 32 46 178 189 137 82 83 96 53 150 94 122 124 100 91 97 193 44 164 12 54 109 43 199 147 157 24 153 113 47 11 55 172 130 72 36 19 79 102 74 177 106 121 95 128 61 187 105 115 136 188 56 134 116 60 49 110 51 162 5 151 191 183 169 26 132 185 4 158 108 86 90 30 190 1 18 62 181 179 194 148 156 167 35 67 127 0 52 143 80 103 93 9 33 174 131 160 166 41 40 28 195 
13516 | 138.914657 | 42 29 27 14 6 192 21 196 133 73 129 39 171 23 3 117 37 145 89 198 2 197 10 186 180 7 173 175 78 57 69 139 125 135 168 157 184 13 170 98 120 119 58 85 99 118 87 101 67 107 64 50 63 81 34 8 16 182 176 84 48 161 66 149 65 75 76 20 38 163 123 146 71 77 155 140 59 138 112 104 92 70 144 15 141 45 88 165 31 17 114 159 32 22 111 142 126 46 178 189 25 137 82 83 96 53 158 94 122 124 100 91 97 193 44 164 12 54 109 43 199 147 152 113 47 153 11 55 24 172 130 72 36 19 79 102 74 177 106 121 95 128 61 187 105 115 136 188 56 134 116 60 49 150 110 51 68 162 5 191 183 169 26 132 185 151 4 108 86 90 30 190 154 1 18 62 156 181 179 194 148 167 35 127 0 52 143 80 103 93 9 174 131 33 166 41 160 28 40 195 
14018 | 138.557694 | 42 29 14 6 192 21 196 133 73 129 39 171 22 3 117 37 145 27 89 198 197 2 10 186 180 25 7 173 175 78 57 139 24 125 135 168 157 184 13 170 98 120 119 58 68 85 99 118 87 101 107 64 50 63 81 34 8 16 182 176 84 48 161 66 149 65 75 76 20 38 163 123 28 146 71 77 155 140 59 138 112 104 92 70 144 15 69 141 45 88 165 31 17 114 159 32 111 142 126 46 178 189 137 82 83 96 53 158 94 122 124 100 91 97 193 44 164 12 54 109 43 147 152 113 47 153 199 11 55 172 26 130 72 36 19 79 102 74 177 106 121 95 128 61 187 105 115 136 188 56 134 116 60 49 150 110 51 162 5 191 183 169 23 132 185 151 108 86 90 30 190 154 4 18 62 156 181 179 194 1 148 167 67 35 127 52 143 0 80 103 93 9 174 131 33 166 41 160 40 195 
14770 | 137.840303 | 42 29 27 14 6 192 21 196 133 73 129 39 171 23 3 117 37 145 89 198 2 197 10 186 180 7 173 175 78 57 69 139 125 135 168 157 184 13 170 98 120 119 58 85 99 118 87 101 67 107 64 50 63 81 34 8 16 182 176 84 48 161 66 149 65 75 76 146 20 38 163 123 71 77 155 140 59 138 112 104 92 70 144 15 141 45 88 165 31 17 114 159 32 22 111 142 126 46 178 189 25 137 82 83 96 53 158 94 122 124 100 91 97 193 44 164 12 54 147 109 43 199 152 113 47 153 11 55 24 172 130 72 36 19 79 102 74 177 106 121 95 128 61 187 105 115 136 188 56 134 116 60 49 150 110 51 68 162 5 191 183 169 26 132 185 151 4 108 86 90 30 190 154 1 18 62 156 181 179 194 148 167 35 127 0 52 143 80 103 93 9 174 131 33 166 41 160 28 40 195 
15276 | 135.945490 | 42 29 14 6 192 21 196 133 73 39 171 22 120 129 3 117 37 145 27 89 198 2 197 10 186 180 25 7 173 175 78 139 47 57 69 135 24 168 157 184 13 170 85 98 58 99 118 87 101 107 67 128 64 63 81 50 34 8 16 182 176 161 66 149 75 84 48 76 65 163 146 20 38 28 71 77 104 140 155 112 59 138 92 70 144 121 141 15 119 88 114 111 142 165 31 159 45 17 32 137 123 46 178 189 158 96 127 82 53 94 100 91 97 83 164 193 109 147 44 12 113 54 43 199 55 152 172 130 153 11 26 72 36 19 177 106 79 102 74 61 95 187 188 126 60 115 136 105 150 116 56 134 110 122 68 162 5 191 183 49 169 23 185 132 51 151 4 124 108 86 90 30 190 1 154 18 62 156 181 179 194 148 167 35 0 52 143 125 80 103 174 93 131 9 33 166 160 41 40 195 
16287 | 131.936879 | 42 29 14 6 192 196 73 39 117 129 171 37 27 145 22 3 198 89 197 2 186 180 173 175 10 7 25 125 78 139 157 69 168 170 13 184 57 120 119 132 98 99 87 101 58 107 67 131 134 64 50 63 34 8 161 176 16 182 136 48 149 19 66 65 75 118 76 85 163 38 146 51 18 28 123 104 71 77 155 112 140 15 138 135 92 115 83 144 70 59 141 45 165 159 88 111 31 178 32 17 142 126 137 189 84 46 53 122 96 94 124 158 82 91 100 97 193 44 164 109 23 114 81 113 43 54 199 12 24 147 47 152 153 55 172 26 72 36 106 11 79 130 102 74 177 95 121 187 52 61 105 128 150 188 110 133 60 56 49 68 162 5 191 183 169 116 4 185 151 108 86 90 30 190 1 154 62 21 181 156 179 194 0 148 167 35 127 80 143 93 103 9 174 33 166 41 160 40 20 195 
18055 | 131.921051 | 42 29 14 6 192 21 196 39 129 73 171 22 3 141 117 37 27 89 198 2 138 197 10 186 173 180 25 175 7 125 78 157 57 139 24 168 184 13 170 98 120 119 58 85 99 132 118 87 136 101 67 107 137 64 50 144 63 81 34 8 16 182 131 134 84 176 149 48 161 66 65 75 76 146 20 38 155 28 163 71 123 77 104 59 135 92 112 70 15 45 145 88 69 159 114 143 111 165 31 17 32 126 46 189 178 82 83 158 96 53 122 124 94 100 91 97 193 109 44 164 12 113 54 147 43 152 199 47 11 153 55 26 172 36 130 72 19 106 102 95 177 74 61 187 188 142 56 121 60 128 115 133 49 105 116 79 110 150 51 68 5 191 162 183 23 169 185 4 86 108 90 151 30 190 1 18 62 154 181 156 194 179 167 148 35 0 52 127 80 140 103 93 9 174 33 166 41 160 40 195 
18562 | 131.760826 | 42 29 14 6 192 196 73 39 117 129 171 37 27 145 22 3 198 89 197 2 186 180 173 10 175 25 7 78 57 125 139 157 168 13 170 184 120 119 58 98 132 67 85 99 107 101 87 50 131 63 34 134 81 8 16 161 176 182 84 136 66 19 149 65 75 118 76 48 38 163 146 18 28 71 123 77 155 140 15 138 135 92 70 115 59 144 69 88 104 141 165 45 159 111 31 32 178 17 142 126 137 46 189 82 83 96 122 53 94 124 158 100 91 97 193 44 164 23 109 114 54 43 199 12 24 147 152 47 153 172 26 55 72 102 36 11 130 79 177 74 95 113 106 121 187 61 128 150 56 188 133 60 105 110 49 68 162 51 5 191 183 169 116 4 185 151 108 64 86 90 30 190 1 21 154 62 181 156 179 194 0 148 167 35 127 52 143 80 103 93 112 9 174 33 166 41 40 160 20 195 
18821 | 129.919063 | 42 29 14 6 192 21 196 133 73 171 82 130 39 27 22 3 117 37 145 89 198 197 2 10 186 25 180 7 173 175 78 139 57 132 69 135 168 157 184 13 170 98 120 119 58 85 99 118 101 107 67 128 64 50 63 81 8 16 34 182 176 84 161 48 149 66 65 87 75 76 20 163 28 123 38 146 155 71 140 77 138 112 104 92 59 144 15 88 70 141 165 45 131 17 114 159 31 111 142 32 178 189 46 137 96 158 53 94 83 122 100 127 91 97 44 193 164 23 12 109 54 43 147 152 47 113 153 55 24 199 11 172 26 72 36 19 79 102 74 177 106 121 95 126 61 187 105 115 136 188 56 134 116 60 150 49 51 110 68 162 5 191 183 169 185 151 124 108 86 90 190 30 154 4 18 156 62 181 179 194 1 148 167 35 52 129 143 0 80 103 125 93 9 174 33 166 41 160 40 195 
20088 | 126.434188 | 42 29 14 6 192 196 120 73 133 39 3 130 37 27 22 171 117 89 145 198 197 2 10 186 180 25 7 173 175 78 57 139 135 168 157 13 184 170 98 58 132 68 85 99 118 87 101 107 128 64 50 63 81 34 8 16 182 84 176 19 161 149 48 66 65 75 76 163 38 146 71 18 28 77 155 140 138 59 112 121 104 119 92 70 69 144 141 15 88 165 31 114 131 45 111 32 159 142 17 178 189 46 82 123 96 137 83 94 158 53 100 91 127 97 44 193 23 12 164 109 54 43 147 113 152 47 24 153 172 11 199 26 55 36 72 79 102 177 106 74 126 95 61 187 105 115 136 56 122 188 116 134 110 60 49 150 51 162 191 5 183 169 124 185 151 86 108 90 190 30 4 154 62 156 181 21 179 194 1 148 167 35 67 129 52 0 143 80 103 125 93 174 33 9 166 41 160 40 20 195 
21607 | 125.964675 | 42 29 14 6 192 196 39 117 73 129 171 37 3 27 22 145 89 198 197 2 10 186 180 173 25 7 175 57 78 125 139 69 157 168 120 119 184 13 170 132 98 58 99 107 87 101 67 131 64 63 50 134 34 16 176 8 182 19 149 48 136 161 66 65 75 76 118 155 85 163 38 146 18 28 123 59 71 140 77 104 92 138 135 15 83 115 70 144 88 165 17 159 141 31 45 32 111 84 158 178 189 142 126 137 46 96 53 94 100 82 122 91 124 97 44 193 23 164 12 81 54 147 109 43 114 152 153 11 199 47 24 55 172 26 72 36 79 102 74 130 177 61 113 95 106 121 128 56 187 188 133 60 150 105 110 49 51 68 162 5 191 169 183 185 116 151 108 86 90 30 190 154 1 4 62 156 21 181 179 194 167 148 35 0 127 52 143 80 103 93 112 9 174 33 166 41 160 40 20 195 
22365 | 125.635883 | 42 29 14 6 192 196 39 73 129 171 3 37 27 22 117 145 89 198 2 197 10 186 180 25 7 173 175 125 57 78 139 69 157 168 184 13 170 132 98 120 119 85 58 99 87 101 118 131 67 107 50 134 64 63 34 8 16 182 176 161 136 48 149 84 66 65 75 76 155 20 38 146 163 123 28 59 71 112 77 140 104 92 138 70 135 15 159 114 144 88 165 17 31 45 141 111 32 178 158 189 46 142 96 126 53 137 94 100 82 83 122 91 97 124 164 44 23 193 12 81 109 54 147 43 152 47 199 153 113 11 24 55 172 26 72 36 19 79 102 74 106 177 130 61 95 105 121 115 56 187 188 128 60 116 150 49 51 133 68 110 191 162 5 183 169 185 151 4 108 86 90 30 190 154 18 1 62 156 21 181 179 194 167 148 35 0 52 80 127 143 103 93 9 174 33 166 41 160 40 195 
23372 | 121.394393 | 42 29 14 6 192 21 196 133 73 129 39 171 22 3 145 37 89 27 198 197 2 10 186 180 173 7 25 175 78 139 57 125 157 135 168 24 184 13 170 98 68 58 120 85 99 119 87 101 107 118 64 50 63 81 8 176 16 182 34 149 48 84 161 66 65 75 76 155 20 163 146 38 123 71 77 28 59 138 112 104 92 70 140 69 144 88 45 141 165 17 15 159 114 111 126 46 158 31 178 189 32 142 137 82 83 96 53 94 117 122 124 100 91 97 44 193 164 12 54 109 43 147 113 152 47 153 199 11 26 55 130 172 72 36 19 79 102 74 106 177 95 121 128 61 105 115 116 136 187 56 188 134 60 150 49 51 110 162 5 191 169 183 23 185 132 151 108 86 90 30 190 4 154 62 156 18 194 181 179 1 167 148 67 35 127 52 143 0 80 103 93 9 174 33 166 131 41 160 40 195 
23876 | 121.128309 | 42 29 14 6 192 21 196 133 73 129 39 171 22 37 3 145 89 27 198 197 2 10 186 180 173 7 25 175 78 139 57 125 157 135 168 24 184 13 170 98 58 68 120 85 99 119 87 101 107 64 118 50 63 34 81 8 176 16 182 149 84 161 48 66 65 75 76 155 20 38 163 146 123 28 71 77 59 138 112 104 92 140 144 70 88 69 141 165 17 15 31 159 114 45 111 126 158 32 178 189 46 142 137 82 83 96 94 117 53 122 124 100 91 97 193 44 164 12 109 54 147 43 113 152 153 47 199 11 26 130 172 55 72 36 19 79 102 74 106 177 95 121 128 61 105 115 116 136 56 187 188 134 60 150 49 110 51 162 5 191 169 183 23 185 132 151 108 86 90 30 190 4 62 154 156 18 194 181 179 1 167 148 35 67 127 52 143 0 80 103 93 9 174 33 166 131 41 160 40 195 
24383 | 120.931196 | 42 29 14 6 192 21 196 73 129 39 171 3 22 37 118 145 27 89 198 197 2 10 186 180 173 7 25 175 78 125 139 57 157 24 168 184 13 170 120 98 132 58 68 85 99 131 101 87 107 64 63 50 134 81 8 182 16 176 34 149 48 161 136 66 84 65 75 76 20 38 163 71 146 123 155 28 59 140 77 112 138 104 70 92 144 69 135 141 15 45 17 165 31 88 114 111 159 142 32 178 189 46 137 126 82 53 83 117 96 122 124 100 94 44 158 91 97 193 12 164 43 147 54 152 109 113 47 153 55 11 26 199 72 172 36 19 102 79 119 177 74 130 106 95 61 121 187 105 115 116 128 188 56 60 150 49 110 133 51 191 162 5 183 23 169 185 151 108 86 90 190 30 154 4 18 62 156 181 179 194 1 148 67 167 35 127 0 52 143 80 103 93 9 174 33 166 41 160 40 195 
24639 | 120.119887 | 42 29 14 6 192 21 196 133 73 129 39 22 3 171 37 145 27 89 198 197 2 10 186 180 7 25 173 175 78 139 57 125 135 24 168 157 184 13 170 98 120 58 68 119 85 99 101 118 87 107 64 50 63 81 8 16 182 176 34 161 48 149 84 66 65 75 76 163 20 146 71 123 77 38 28 155 140 59 138 112 104 92 70 144 69 141 15 165 17 159 114 88 45 111 126 142 31 32 178 189 46 137 96 158 82 94 83 122 117 124 53 91 97 100 44 193 164 12 109 147 43 113 54 152 47 153 172 11 199 26 55 36 130 72 19 79 177 102 106 74 121 95 128 61 187 105 115 116 136 188 56 134 110 60 150 49 51 162 191 183 5 185 23 169 132 151 4 86 108 90 190 30 154 62 156 18 181 179 194 1 148 167 67 35 127 143 52 0 93 80 103 174 9 131 33 166 41 160 40 195 
24889 | 115.422778 | 42 29 14 6 192 21 196 73 129 39 171 22 3 118 145 37 27 89 198 197 2 10 186 180 173 7 25 175 78 125 57 139 157 24 168 184 13 170 98 120 132 68 58 85 99 87 131 101 107 64 50 134 63 81 8 16 182 176 34 84 149 48 161 66 136 65 75 76 20 163 38 146 123 71 77 155 28 59 140 112 104 138 92 70 69 144 45 135 141 88 17 15 165 114 111 46 159 142 31 178 32 189 137 126 83 82 96 53 94 117 122 124 100 91 97 44 158 193 12 54 164 43 147 152 47 109 113 199 153 11 26 55 172 72 36 177 19 79 102 119 106 74 95 130 61 105 121 187 188 115 116 128 56 60 49 150 51 110 133 5 191 183 162 23 169 185 151 108 86 90 30 190 4 154 62 18 181 156 179 194 1 148 67 167 35 127 52 0 143 80 103 93 9 174 33 166 41 160 40 195 
25399 | 115.125448 | 42 29 14 6 192 21 196 73 129 39 171 22 3 118 145 37 27 89 198 197 2 10 186 180 173 7 25 175 125 78 57 139 157 24 168 184 13 170 98 120 132 58 85 68 99 131 87 107 101 50 64 134 63 81 8 16 182 176 34 84 149 48 161 66 65 136 75 76 20 163 38 146 71 123 77 155 28 140 59 112 104 138 92 70 69 144 45 135 88 141 17 15 165 114 111 46 159 142 31 178 32 189 137 126 82 83 96 53 94 117 122 124 100 91 97 44 158 193 12 164 54 43 147 152 47 109 113 199 153 11 55 26 172 72 36 177 19 79 102 119 74 106 95 130 61 105 121 187 188 115 116 128 56 60 49 150 51 110 133 5 191 183 162 23 169 185 151 108 86 90 30 190 4 154 62 18 181 156 179 194 1 148 67 167 35 127 52 0 143 80 103 93 9 174 33 166 41 160 40 195 
26153 | 114.169755 | 42 29 14 6 192 21 196 73 129 39 171 22 3 118 145 37 89 27 198 197 2 10 186 180 173 7 25 175 78 125 57 139 157 24 168 184 13 170 120 98 132 68 58 99 85 101 87 131 107 64 50 134 63 81 8 16 182 176 34 84 149 48 161 66 136 65 75 76 20 163 38 146 123 71 77 155 28 59 140 112 92 104 138 70 88 69 144 45 135 141 17 15 165 114 111 46 159 142 31 178 32 189 96 137 126 83 82 94 53 100 91 117 122 124 97 44 158 193 12 54 164 43 147 152 47 109 113 199 153 11 26 55 172 72 36 177 19 79 102 119 95 106 74 130 61 105 121 187 188 115 116 128 56 60 49 150 51 110 133 5 191 183 162 23 169 185 151 108 86 90 30 190 4 154 62 18 181 156 179 194 1 148 67 167 35 127 52 0 143 80 103 93 9 174 33 166 41 160 40 195 
27670 | 112.678400 | 42 29 14 6 192 21 196 73 129 39 171 22 3 118 37 145 89 27 198 197 2 10 186 180 7 173 25 175 78 125 139 57 157 24 168 184 13 170 132 98 120 58 85 68 131 99 87 101 107 134 64 50 63 161 8 16 176 34 182 48 66 149 65 75 136 76 71 155 163 20 38 146 77 123 28 59 140 83 112 104 138 70 92 69 45 144 135 17 141 159 165 15 84 88 114 111 46 178 189 31 142 158 32 137 126 82 53 96 94 117 122 124 100 91 81 97 44 164 193 12 147 54 43 152 153 47 109 113 199 11 26 172 72 55 36 19 79 102 177 74 119 106 95 61 187 130 105 121 115 56 188 116 128 60 49 150 51 133 162 110 169 5 183 191 185 23 151 108 86 90 30 190 4 154 62 156 18 181 179 1 194 148 167 35 67 127 52 0 143 80 103 93 174 9 33 166 41 160 40 195 
